1.000000000000000000e+00 3.000000000000000000e+00 6.041035652160644531e-01 5.100000000000000000e+01
4.000000000000000000e+00 6.000000000000000000e+00 6.041845679283142090e-01 8.400000000000000000e+01
8.000000000000000000e+00 1.300000000000000000e+01 5.119539499282836914e-01 7.700000000000000000e+01
5.000000000000000000e+00 1.400000000000000000e+01 5.660196542739868164e-01 9.700000000000000000e+01
1.000000000000000000e+00 2.000000000000000000e+00 6.266205906867980957e-01 4.400000000000000000e+01
0.000000000000000000e+00 2.000000000000000000e+00 6.216224431991577148e-01 8.700000000000000000e+01
2.000000000000000000e+00 5.000000000000000000e+00 6.128147244453430176e-01 6.900000000000000000e+01
4.000000000000000000e+00 6.000000000000000000e+00 5.715421438217163086e-01 7.400000000000000000e+01
7.000000000000000000e+00 9.000000000000000000e+00 3.909006118774414062e-01 2.500000000000000000e+01
1.000000000000000000e+01 1.400000000000000000e+01 5.718925595283508301e-01 1.380000000000000000e+02
7.000000000000000000e+00 9.000000000000000000e+00 5.675842761993408203e-01 8.400000000000000000e+01
5.000000000000000000e+00 8.000000000000000000e+00 5.906282663345336914e-01 1.130000000000000000e+02
9.000000000000000000e+00 1.300000000000000000e+01 5.721145868301391602e-01 1.420000000000000000e+02
1.200000000000000000e+01 2.800000000000000000e+01 5.415313839912414551e-01 1.840000000000000000e+02
1.900000000000000000e+01 3.300000000000000000e+01 5.090909004211425781e-01 1.790000000000000000e+02
1.000000000000000000e+01 1.700000000000000000e+01 5.556217432022094727e-01 1.410000000000000000e+02
7.000000000000000000e+00 1.300000000000000000e+01 5.865075588226318359e-01 1.320000000000000000e+02
3.000000000000000000e+00 7.000000000000000000e+00 6.022930741310119629e-01 1.280000000000000000e+02
1.200000000000000000e+01 2.500000000000000000e+01 4.988463222980499268e-01 1.050000000000000000e+02
4.000000000000000000e+00 6.000000000000000000e+00 6.097862124443054199e-01 9.500000000000000000e+01
9.000000000000000000e+00 1.300000000000000000e+01 5.095400810241699219e-01 7.600000000000000000e+01
8.000000000000000000e+00 1.400000000000000000e+01 5.646274685859680176e-01 1.360000000000000000e+02
1.000000000000000000e+00 3.000000000000000000e+00 5.617501735687255859e-01 3.400000000000000000e+01
9.000000000000000000e+00 1.700000000000000000e+01 5.341233015060424805e-01 1.240000000000000000e+02
9.000000000000000000e+00 1.900000000000000000e+01 5.385830402374267578e-01 1.380000000000000000e+02
1.500000000000000000e+01 3.200000000000000000e+01 5.242643356323242188e-01 1.970000000000000000e+02
5.000000000000000000e+00 1.500000000000000000e+01 5.650174617767333984e-01 1.260000000000000000e+02
2.000000000000000000e+00 7.000000000000000000e+00 5.982642769813537598e-01 1.170000000000000000e+02
3.000000000000000000e+00 6.000000000000000000e+00 5.767000317573547363e-01 7.900000000000000000e+01
4.000000000000000000e+00 7.000000000000000000e+00 6.018717885017395020e-01 1.120000000000000000e+02
2.000000000000000000e+00 2.000000000000000000e+00 4.438421428203582764e-01 7.000000000000000000e+00
4.000000000000000000e+00 1.100000000000000000e+01 5.055303573608398438e-01 5.800000000000000000e+01
3.000000000000000000e+00 7.000000000000000000e+00 5.988376140594482422e-01 1.010000000000000000e+02
6.000000000000000000e+00 1.100000000000000000e+01 5.962985157966613770e-01 1.310000000000000000e+02
5.000000000000000000e+00 1.100000000000000000e+01 5.964904427528381348e-01 1.520000000000000000e+02
2.000000000000000000e+00 4.000000000000000000e+00 6.251378059387207031e-01 1.600000000000000000e+02
7.000000000000000000e+00 1.300000000000000000e+01 5.718470811843872070e-01 1.340000000000000000e+02
6.000000000000000000e+00 1.100000000000000000e+01 4.343475699424743652e-01 3.500000000000000000e+01
1.800000000000000000e+01 2.500000000000000000e+01 5.259792208671569824e-01 1.510000000000000000e+02
5.000000000000000000e+00 1.100000000000000000e+01 5.414657592773437500e-01 9.500000000000000000e+01
3.000000000000000000e+00 1.400000000000000000e+01 5.642873644828796387e-01 1.090000000000000000e+02
4.000000000000000000e+00 1.100000000000000000e+01 5.919259190559387207e-01 1.240000000000000000e+02
8.000000000000000000e+00 1.400000000000000000e+01 5.606205463409423828e-01 1.450000000000000000e+02
2.000000000000000000e+00 8.000000000000000000e+00 6.087250709533691406e-01 1.080000000000000000e+02
1.000000000000000000e+00 3.000000000000000000e+00 6.029627323150634766e-01 1.090000000000000000e+02
0.000000000000000000e+00 2.000000000000000000e+00 6.379709243774414062e-01 6.100000000000000000e+01
7.000000000000000000e+00 1.200000000000000000e+01 5.522178411483764648e-01 8.800000000000000000e+01
1.000000000000000000e+00 2.000000000000000000e+00 6.294533610343933105e-01 8.600000000000000000e+01
4.000000000000000000e+00 6.000000000000000000e+00 4.473160207271575928e-01 1.900000000000000000e+01
1.400000000000000000e+01 1.800000000000000000e+01 5.401153564453125000e-01 1.490000000000000000e+02
