0.000000000000000000e+00 0.000000000000000000e+00 7.506255507469177246e-01 5.100000000000000000e+01
3.000000000000000000e+00 8.000000000000000000e+00 6.879729032516479492e-01 8.400000000000000000e+01
1.000000000000000000e+00 3.000000000000000000e+00 6.732854247093200684e-01 7.700000000000000000e+01
5.000000000000000000e+00 1.400000000000000000e+01 6.483324766159057617e-01 9.700000000000000000e+01
1.000000000000000000e+00 2.000000000000000000e+00 7.283508181571960449e-01 4.400000000000000000e+01
0.000000000000000000e+00 1.000000000000000000e+00 7.385347485542297363e-01 8.700000000000000000e+01
2.000000000000000000e+00 7.000000000000000000e+00 6.878709197044372559e-01 6.900000000000000000e+01
1.000000000000000000e+00 4.000000000000000000e+00 6.847240924835205078e-01 7.400000000000000000e+01
0.000000000000000000e+00 2.000000000000000000e+00 6.389833092689514160e-01 2.500000000000000000e+01
3.000000000000000000e+00 1.000000000000000000e+01 6.853736042976379395e-01 1.380000000000000000e+02
3.000000000000000000e+00 7.000000000000000000e+00 6.769030690193176270e-01 8.400000000000000000e+01
3.000000000000000000e+00 8.000000000000000000e+00 6.914952993392944336e-01 1.130000000000000000e+02
6.000000000000000000e+00 1.000000000000000000e+01 6.872606873512268066e-01 1.420000000000000000e+02
1.600000000000000000e+01 3.500000000000000000e+01 6.085576415061950684e-01 1.840000000000000000e+02
1.200000000000000000e+01 3.600000000000000000e+01 5.861195325851440430e-01 1.790000000000000000e+02
3.000000000000000000e+00 1.200000000000000000e+01 6.659351587295532227e-01 1.410000000000000000e+02
7.000000000000000000e+00 1.200000000000000000e+01 6.886439323425292969e-01 1.320000000000000000e+02
5.000000000000000000e+00 1.300000000000000000e+01 6.719944477081298828e-01 1.280000000000000000e+02
7.000000000000000000e+00 2.300000000000000000e+01 5.837857723236083984e-01 1.050000000000000000e+02
2.000000000000000000e+00 6.000000000000000000e+00 7.130368947982788086e-01 9.500000000000000000e+01
3.000000000000000000e+00 8.000000000000000000e+00 6.307669281959533691e-01 7.600000000000000000e+01
6.000000000000000000e+00 1.300000000000000000e+01 6.667055487632751465e-01 1.360000000000000000e+02
3.000000000000000000e+00 7.000000000000000000e+00 5.804052352905273438e-01 3.400000000000000000e+01
7.000000000000000000e+00 1.800000000000000000e+01 6.208939552307128906e-01 1.240000000000000000e+02
2.000000000000000000e+00 7.000000000000000000e+00 6.856963634490966797e-01 1.380000000000000000e+02
1.500000000000000000e+01 4.100000000000000000e+01 5.795658230781555176e-01 1.970000000000000000e+02
3.000000000000000000e+00 1.000000000000000000e+01 6.889548301696777344e-01 1.260000000000000000e+02
3.000000000000000000e+00 1.000000000000000000e+01 6.789593696594238281e-01 1.170000000000000000e+02
0.000000000000000000e+00 3.000000000000000000e+00 7.008996605873107910e-01 7.900000000000000000e+01
3.000000000000000000e+00 7.000000000000000000e+00 7.031803727149963379e-01 1.120000000000000000e+02
0.000000000000000000e+00 0.000000000000000000e+00 7.045584321022033691e-01 7.000000000000000000e+00
3.000000000000000000e+00 1.000000000000000000e+01 6.117315888404846191e-01 5.800000000000000000e+01
1.000000000000000000e+00 3.000000000000000000e+00 7.271760702133178711e-01 1.010000000000000000e+02
8.000000000000000000e+00 1.700000000000000000e+01 6.617748737335205078e-01 1.310000000000000000e+02
3.000000000000000000e+00 1.200000000000000000e+01 6.922761797904968262e-01 1.520000000000000000e+02
6.000000000000000000e+00 1.400000000000000000e+01 6.862053871154785156e-01 1.600000000000000000e+02
4.000000000000000000e+00 1.000000000000000000e+01 6.865243315696716309e-01 1.340000000000000000e+02
3.000000000000000000e+00 8.000000000000000000e+00 5.636864900588989258e-01 3.500000000000000000e+01
5.000000000000000000e+00 1.200000000000000000e+01 6.728152036666870117e-01 1.510000000000000000e+02
3.000000000000000000e+00 8.000000000000000000e+00 6.504199504852294922e-01 9.500000000000000000e+01
3.000000000000000000e+00 1.100000000000000000e+01 6.821275949478149414e-01 1.090000000000000000e+02
1.000000000000000000e+00 8.000000000000000000e+00 7.102484703063964844e-01 1.240000000000000000e+02
6.000000000000000000e+00 1.500000000000000000e+01 6.416736245155334473e-01 1.450000000000000000e+02
2.000000000000000000e+00 6.000000000000000000e+00 7.232800126075744629e-01 1.080000000000000000e+02
0.000000000000000000e+00 2.000000000000000000e+00 7.161223888397216797e-01 1.090000000000000000e+02
1.000000000000000000e+00 4.000000000000000000e+00 7.179145812988281250e-01 6.100000000000000000e+01
3.000000000000000000e+00 7.000000000000000000e+00 6.853782534599304199e-01 8.800000000000000000e+01
1.000000000000000000e+00 3.000000000000000000e+00 7.295401096343994141e-01 8.600000000000000000e+01
2.000000000000000000e+00 5.000000000000000000e+00 5.426601767539978027e-01 1.900000000000000000e+01
7.000000000000000000e+00 1.200000000000000000e+01 6.567458510398864746e-01 1.490000000000000000e+02
