0.000000000000000000e+00 1.000000000000000000e+00 9.201691746711730957e-01 5.100000000000000000e+01
1.000000000000000000e+00 7.000000000000000000e+00 8.494761586189270020e-01 8.400000000000000000e+01
1.000000000000000000e+00 5.000000000000000000e+00 8.449659347534179688e-01 7.700000000000000000e+01
9.000000000000000000e+00 2.800000000000000000e+01 6.367024779319763184e-01 9.700000000000000000e+01
0.000000000000000000e+00 1.000000000000000000e+00 9.148901104927062988e-01 4.400000000000000000e+01
3.000000000000000000e+00 8.000000000000000000e+00 8.574964404106140137e-01 8.700000000000000000e+01
2.000000000000000000e+00 8.000000000000000000e+00 8.319494724273681641e-01 6.900000000000000000e+01
3.000000000000000000e+00 1.200000000000000000e+01 7.566130161285400391e-01 7.400000000000000000e+01
2.000000000000000000e+00 4.000000000000000000e+00 7.451624870300292969e-01 2.500000000000000000e+01
8.000000000000000000e+00 2.400000000000000000e+01 7.512454390525817871e-01 1.380000000000000000e+02
6.000000000000000000e+00 1.800000000000000000e+01 7.196447253227233887e-01 8.400000000000000000e+01
6.000000000000000000e+00 1.700000000000000000e+01 7.897043824195861816e-01 1.130000000000000000e+02
8.000000000000000000e+00 2.700000000000000000e+01 7.341450452804565430e-01 1.420000000000000000e+02
1.600000000000000000e+01 6.500000000000000000e+01 5.741684436798095703e-01 1.840000000000000000e+02
8.000000000000000000e+00 4.700000000000000000e+01 6.402754783630371094e-01 1.790000000000000000e+02
6.000000000000000000e+00 2.100000000000000000e+01 7.586927413940429688e-01 1.410000000000000000e+02
5.000000000000000000e+00 2.900000000000000000e+01 7.000164985656738281e-01 1.320000000000000000e+02
7.000000000000000000e+00 2.800000000000000000e+01 7.224748134613037109e-01 1.280000000000000000e+02
4.000000000000000000e+00 2.400000000000000000e+01 7.081028819084167480e-01 1.050000000000000000e+02
3.000000000000000000e+00 1.300000000000000000e+01 7.921059727668762207e-01 9.500000000000000000e+01
1.000000000000000000e+00 6.000000000000000000e+00 8.078286051750183105e-01 7.600000000000000000e+01
8.000000000000000000e+00 3.200000000000000000e+01 6.953660845756530762e-01 1.360000000000000000e+02
2.000000000000000000e+00 6.000000000000000000e+00 7.605749368667602539e-01 3.400000000000000000e+01
9.000000000000000000e+00 3.300000000000000000e+01 6.438362598419189453e-01 1.240000000000000000e+02
7.000000000000000000e+00 3.000000000000000000e+01 7.062219977378845215e-01 1.380000000000000000e+02
2.500000000000000000e+01 8.900000000000000000e+01 4.952734410762786865e-01 1.970000000000000000e+02
7.000000000000000000e+00 2.700000000000000000e+01 7.005499601364135742e-01 1.260000000000000000e+02
6.000000000000000000e+00 2.100000000000000000e+01 7.466761469841003418e-01 1.170000000000000000e+02
1.000000000000000000e+00 7.000000000000000000e+00 8.291179537773132324e-01 7.900000000000000000e+01
5.000000000000000000e+00 2.100000000000000000e+01 7.385458946228027344e-01 1.120000000000000000e+02
1.000000000000000000e+00 3.000000000000000000e+00 4.935757219791412354e-01 7.000000000000000000e+00
4.000000000000000000e+00 1.300000000000000000e+01 7.114758491516113281e-01 5.800000000000000000e+01
1.000000000000000000e+00 8.000000000000000000e+00 8.488176465034484863e-01 1.010000000000000000e+02
5.000000000000000000e+00 2.600000000000000000e+01 7.364987134933471680e-01 1.310000000000000000e+02
1.400000000000000000e+01 4.900000000000000000e+01 6.190539002418518066e-01 1.520000000000000000e+02
1.900000000000000000e+01 5.900000000000000000e+01 5.697482824325561523e-01 1.600000000000000000e+02
8.000000000000000000e+00 3.200000000000000000e+01 6.825451254844665527e-01 1.340000000000000000e+02
2.000000000000000000e+00 6.000000000000000000e+00 7.564794421195983887e-01 3.500000000000000000e+01
1.300000000000000000e+01 3.800000000000000000e+01 6.800205707550048828e-01 1.510000000000000000e+02
2.000000000000000000e+00 9.000000000000000000e+00 8.105565905570983887e-01 9.500000000000000000e+01
5.000000000000000000e+00 1.800000000000000000e+01 7.683281302452087402e-01 1.090000000000000000e+02
6.000000000000000000e+00 2.400000000000000000e+01 7.381384372711181641e-01 1.240000000000000000e+02
9.000000000000000000e+00 3.600000000000000000e+01 6.422604322433471680e-01 1.450000000000000000e+02
4.000000000000000000e+00 1.400000000000000000e+01 8.147426247596740723e-01 1.080000000000000000e+02
4.000000000000000000e+00 1.200000000000000000e+01 7.981104850769042969e-01 1.090000000000000000e+02
2.000000000000000000e+00 5.000000000000000000e+00 8.774825334548950195e-01 6.100000000000000000e+01
3.000000000000000000e+00 9.000000000000000000e+00 8.279218673706054688e-01 8.800000000000000000e+01
0.000000000000000000e+00 2.000000000000000000e+00 9.112201333045959473e-01 8.600000000000000000e+01
0.000000000000000000e+00 3.000000000000000000e+00 7.338284254074096680e-01 1.900000000000000000e+01
1.100000000000000000e+01 3.200000000000000000e+01 7.039923667907714844e-01 1.490000000000000000e+02
