0.000000000000000000e+00 0.000000000000000000e+00 9.366888999938964844e-01 5.100000000000000000e+01
1.000000000000000000e+00 7.000000000000000000e+00 8.443438410758972168e-01 8.400000000000000000e+01
1.000000000000000000e+00 5.000000000000000000e+00 8.345687389373779297e-01 7.700000000000000000e+01
7.000000000000000000e+00 2.300000000000000000e+01 6.824238300323486328e-01 9.700000000000000000e+01
0.000000000000000000e+00 1.000000000000000000e+00 9.074192643165588379e-01 4.400000000000000000e+01
2.000000000000000000e+00 7.000000000000000000e+00 8.579688072204589844e-01 8.700000000000000000e+01
2.000000000000000000e+00 8.000000000000000000e+00 8.305016160011291504e-01 6.900000000000000000e+01
2.000000000000000000e+00 1.000000000000000000e+01 7.722799181938171387e-01 7.400000000000000000e+01
1.000000000000000000e+00 2.000000000000000000e+00 8.141061663627624512e-01 2.500000000000000000e+01
9.000000000000000000e+00 2.200000000000000000e+01 7.553583979606628418e-01 1.380000000000000000e+02
5.000000000000000000e+00 1.600000000000000000e+01 7.383653521537780762e-01 8.400000000000000000e+01
6.000000000000000000e+00 1.600000000000000000e+01 7.907231450080871582e-01 1.130000000000000000e+02
7.000000000000000000e+00 2.200000000000000000e+01 7.599657177925109863e-01 1.420000000000000000e+02
1.600000000000000000e+01 6.000000000000000000e+01 5.970264673233032227e-01 1.840000000000000000e+02
9.000000000000000000e+00 4.300000000000000000e+01 6.649966239929199219e-01 1.790000000000000000e+02
6.000000000000000000e+00 1.800000000000000000e+01 7.718391418457031250e-01 1.410000000000000000e+02
4.000000000000000000e+00 2.800000000000000000e+01 6.974166631698608398e-01 1.320000000000000000e+02
4.000000000000000000e+00 2.100000000000000000e+01 7.711955308914184570e-01 1.280000000000000000e+02
3.000000000000000000e+00 2.200000000000000000e+01 7.139228582382202148e-01 1.050000000000000000e+02
3.000000000000000000e+00 1.200000000000000000e+01 7.993231415748596191e-01 9.500000000000000000e+01
1.000000000000000000e+00 6.000000000000000000e+00 8.004227280616760254e-01 7.600000000000000000e+01
7.000000000000000000e+00 2.600000000000000000e+01 7.314143180847167969e-01 1.360000000000000000e+02
2.000000000000000000e+00 6.000000000000000000e+00 7.540427446365356445e-01 3.400000000000000000e+01
1.000000000000000000e+01 3.300000000000000000e+01 6.424416303634643555e-01 1.240000000000000000e+02
8.000000000000000000e+00 2.600000000000000000e+01 7.356083989143371582e-01 1.380000000000000000e+02
2.300000000000000000e+01 7.800000000000000000e+01 5.396623611450195312e-01 1.970000000000000000e+02
5.000000000000000000e+00 2.200000000000000000e+01 7.255802750587463379e-01 1.260000000000000000e+02
5.000000000000000000e+00 1.600000000000000000e+01 7.856186628341674805e-01 1.170000000000000000e+02
2.000000000000000000e+00 8.000000000000000000e+00 8.123301267623901367e-01 7.900000000000000000e+01
4.000000000000000000e+00 1.500000000000000000e+01 7.879017591476440430e-01 1.120000000000000000e+02
1.000000000000000000e+00 2.000000000000000000e+00 6.552701592445373535e-01 7.000000000000000000e+00
3.000000000000000000e+00 1.100000000000000000e+01 7.398361563682556152e-01 5.800000000000000000e+01
1.000000000000000000e+00 7.000000000000000000e+00 8.545671105384826660e-01 1.010000000000000000e+02
5.000000000000000000e+00 2.300000000000000000e+01 7.571142315864562988e-01 1.310000000000000000e+02
1.000000000000000000e+01 3.800000000000000000e+01 6.799360513687133789e-01 1.520000000000000000e+02
1.600000000000000000e+01 4.800000000000000000e+01 6.301819086074829102e-01 1.600000000000000000e+02
6.000000000000000000e+00 2.700000000000000000e+01 7.116697430610656738e-01 1.340000000000000000e+02
2.000000000000000000e+00 6.000000000000000000e+00 7.518485188484191895e-01 3.500000000000000000e+01
1.100000000000000000e+01 3.400000000000000000e+01 7.002848386764526367e-01 1.510000000000000000e+02
2.000000000000000000e+00 9.000000000000000000e+00 8.043319582939147949e-01 9.500000000000000000e+01
4.000000000000000000e+00 1.600000000000000000e+01 7.768963575363159180e-01 1.090000000000000000e+02
5.000000000000000000e+00 2.100000000000000000e+01 7.606985569000244141e-01 1.240000000000000000e+02
9.000000000000000000e+00 3.300000000000000000e+01 6.573588252067565918e-01 1.450000000000000000e+02
3.000000000000000000e+00 1.200000000000000000e+01 8.273728489875793457e-01 1.080000000000000000e+02
4.000000000000000000e+00 1.100000000000000000e+01 8.044703602790832520e-01 1.090000000000000000e+02
2.000000000000000000e+00 5.000000000000000000e+00 8.725457191467285156e-01 6.100000000000000000e+01
3.000000000000000000e+00 9.000000000000000000e+00 8.266525268554687500e-01 8.800000000000000000e+01
0.000000000000000000e+00 2.000000000000000000e+00 9.046385288238525391e-01 8.600000000000000000e+01
0.000000000000000000e+00 3.000000000000000000e+00 7.221700549125671387e-01 1.900000000000000000e+01
9.000000000000000000e+00 2.600000000000000000e+01 7.341727614402770996e-01 1.490000000000000000e+02
