0.000000000000000000e+00 0.000000000000000000e+00 7.521977424621582031e-01 5.100000000000000000e+01
0.000000000000000000e+00 3.000000000000000000e+00 7.292995452880859375e-01 8.400000000000000000e+01
1.000000000000000000e+00 1.400000000000000000e+01 5.739932656288146973e-01 7.700000000000000000e+01
3.000000000000000000e+00 1.400000000000000000e+01 6.550536751747131348e-01 9.700000000000000000e+01
0.000000000000000000e+00 2.000000000000000000e+00 7.322652339935302734e-01 4.400000000000000000e+01
0.000000000000000000e+00 1.000000000000000000e+00 7.450906038284301758e-01 8.700000000000000000e+01
2.000000000000000000e+00 7.000000000000000000e+00 6.898245215415954590e-01 6.900000000000000000e+01
1.000000000000000000e+00 4.000000000000000000e+00 6.885150074958801270e-01 7.400000000000000000e+01
0.000000000000000000e+00 3.000000000000000000e+00 6.209142804145812988e-01 2.500000000000000000e+01
1.000000000000000000e+00 1.600000000000000000e+01 6.546197533607482910e-01 1.380000000000000000e+02
4.000000000000000000e+00 1.300000000000000000e+01 6.307113766670227051e-01 8.400000000000000000e+01
3.000000000000000000e+00 9.000000000000000000e+00 6.898583173751831055e-01 1.130000000000000000e+02
7.000000000000000000e+00 1.500000000000000000e+01 6.663848161697387695e-01 1.420000000000000000e+02
1.700000000000000000e+01 3.900000000000000000e+01 5.962322354316711426e-01 1.840000000000000000e+02
7.000000000000000000e+00 4.000000000000000000e+01 5.697104334831237793e-01 1.790000000000000000e+02
2.000000000000000000e+00 1.800000000000000000e+01 6.404443979263305664e-01 1.410000000000000000e+02
3.000000000000000000e+00 1.200000000000000000e+01 6.900377273559570312e-01 1.320000000000000000e+02
3.000000000000000000e+00 1.600000000000000000e+01 6.539609432220458984e-01 1.280000000000000000e+02
5.000000000000000000e+00 2.400000000000000000e+01 5.788328051567077637e-01 1.050000000000000000e+02
1.000000000000000000e+00 5.000000000000000000e+00 7.227558493614196777e-01 9.500000000000000000e+01
5.000000000000000000e+00 1.000000000000000000e+01 6.157001852989196777e-01 7.600000000000000000e+01
9.000000000000000000e+00 1.600000000000000000e+01 6.542001962661743164e-01 1.360000000000000000e+02
3.000000000000000000e+00 7.000000000000000000e+00 5.806095004081726074e-01 3.400000000000000000e+01
6.000000000000000000e+00 2.000000000000000000e+01 6.099016666412353516e-01 1.240000000000000000e+02
0.000000000000000000e+00 9.000000000000000000e+00 6.796000599861145020e-01 1.380000000000000000e+02
1.400000000000000000e+01 4.400000000000000000e+01 5.741142630577087402e-01 1.970000000000000000e+02
4.000000000000000000e+00 1.800000000000000000e+01 6.465860009193420410e-01 1.260000000000000000e+02
3.000000000000000000e+00 1.500000000000000000e+01 6.524893641471862793e-01 1.170000000000000000e+02
2.000000000000000000e+00 8.000000000000000000e+00 6.625341773033142090e-01 7.900000000000000000e+01
2.000000000000000000e+00 1.000000000000000000e+01 6.814519166946411133e-01 1.120000000000000000e+02
1.000000000000000000e+00 2.000000000000000000e+00 5.102106332778930664e-01 7.000000000000000000e+00
2.000000000000000000e+00 7.000000000000000000e+00 6.527631878852844238e-01 5.800000000000000000e+01
2.000000000000000000e+00 7.000000000000000000e+00 7.017474174499511719e-01 1.010000000000000000e+02
6.000000000000000000e+00 1.500000000000000000e+01 6.742452383041381836e-01 1.310000000000000000e+02
6.000000000000000000e+00 2.100000000000000000e+01 6.544313430786132812e-01 1.520000000000000000e+02
3.000000000000000000e+00 1.200000000000000000e+01 6.982015371322631836e-01 1.600000000000000000e+02
6.000000000000000000e+00 1.400000000000000000e+01 6.663072705268859863e-01 1.340000000000000000e+02
0.000000000000000000e+00 1.000000000000000000e+01 5.093174576759338379e-01 3.500000000000000000e+01
4.000000000000000000e+00 1.200000000000000000e+01 6.766535043716430664e-01 1.510000000000000000e+02
3.000000000000000000e+00 1.000000000000000000e+01 6.364697217941284180e-01 9.500000000000000000e+01
2.000000000000000000e+00 1.400000000000000000e+01 6.615917682647705078e-01 1.090000000000000000e+02
2.000000000000000000e+00 1.200000000000000000e+01 6.907494664192199707e-01 1.240000000000000000e+02
2.000000000000000000e+00 1.100000000000000000e+01 6.663510799407958984e-01 1.450000000000000000e+02
2.000000000000000000e+00 9.000000000000000000e+00 7.082018256187438965e-01 1.080000000000000000e+02
1.000000000000000000e+00 6.000000000000000000e+00 6.932621002197265625e-01 1.090000000000000000e+02
1.000000000000000000e+00 5.000000000000000000e+00 7.088356614112854004e-01 6.100000000000000000e+01
2.000000000000000000e+00 8.000000000000000000e+00 6.808750629425048828e-01 8.800000000000000000e+01
1.000000000000000000e+00 6.000000000000000000e+00 7.056053876876831055e-01 8.600000000000000000e+01
1.000000000000000000e+00 9.000000000000000000e+00 3.919894695281982422e-01 1.900000000000000000e+01
4.000000000000000000e+00 1.100000000000000000e+01 6.632637381553649902e-01 1.490000000000000000e+02
