8.000000000000000000e+00 1.100000000000000000e+01 4.344998300075531006e-01 5.100000000000000000e+01
1.800000000000000000e+01 2.300000000000000000e+01 4.119201898574829102e-01 8.400000000000000000e+01
3.200000000000000000e+01 4.900000000000000000e+01 2.057186663150787354e-01 7.700000000000000000e+01
1.900000000000000000e+01 3.200000000000000000e+01 3.864919245243072510e-01 9.700000000000000000e+01
1.300000000000000000e+01 1.600000000000000000e+01 3.820201158523559570e-01 4.400000000000000000e+01
2.500000000000000000e+01 2.800000000000000000e+01 3.800514936447143555e-01 8.700000000000000000e+01
1.000000000000000000e+01 1.500000000000000000e+01 4.530938565731048584e-01 6.900000000000000000e+01
2.500000000000000000e+01 2.800000000000000000e+01 3.461062014102935791e-01 7.400000000000000000e+01
8.000000000000000000e+00 1.700000000000000000e+01 1.788318008184432983e-01 2.500000000000000000e+01
4.200000000000000000e+01 5.300000000000000000e+01 3.434214890003204346e-01 1.380000000000000000e+02
3.000000000000000000e+01 3.200000000000000000e+01 3.484965264797210693e-01 8.400000000000000000e+01
2.900000000000000000e+01 3.400000000000000000e+01 3.914793133735656738e-01 1.130000000000000000e+02
4.500000000000000000e+01 5.000000000000000000e+01 3.573606312274932861e-01 1.420000000000000000e+02
5.100000000000000000e+01 6.600000000000000000e+01 3.597167432308197021e-01 1.840000000000000000e+02
6.000000000000000000e+01 8.400000000000000000e+01 2.909864485263824463e-01 1.790000000000000000e+02
4.600000000000000000e+01 6.600000000000000000e+01 3.042407333850860596e-01 1.410000000000000000e+02
3.400000000000000000e+01 4.200000000000000000e+01 3.872874975204467773e-01 1.320000000000000000e+02
3.200000000000000000e+01 3.800000000000000000e+01 3.925734162330627441e-01 1.280000000000000000e+02
2.100000000000000000e+01 3.700000000000000000e+01 3.698568940162658691e-01 1.050000000000000000e+02
2.000000000000000000e+01 2.000000000000000000e+01 4.460545182228088379e-01 9.500000000000000000e+01
3.600000000000000000e+01 3.900000000000000000e+01 2.809902429580688477e-01 7.600000000000000000e+01
4.500000000000000000e+01 5.200000000000000000e+01 3.401371836662292480e-01 1.360000000000000000e+02
1.300000000000000000e+01 1.500000000000000000e+01 3.055106103420257568e-01 3.400000000000000000e+01
5.300000000000000000e+01 6.400000000000000000e+01 2.713322341442108154e-01 1.240000000000000000e+02
4.200000000000000000e+01 5.700000000000000000e+01 3.189861774444580078e-01 1.380000000000000000e+02
6.900000000000000000e+01 9.100000000000000000e+01 2.997031509876251221e-01 1.970000000000000000e+02
3.400000000000000000e+01 4.900000000000000000e+01 3.459080159664154053e-01 1.260000000000000000e+02
3.100000000000000000e+01 3.700000000000000000e+01 3.835926949977874756e-01 1.170000000000000000e+02
2.800000000000000000e+01 3.100000000000000000e+01 3.358007371425628662e-01 7.900000000000000000e+01
3.900000000000000000e+01 4.500000000000000000e+01 3.448728621006011963e-01 1.120000000000000000e+02
3.000000000000000000e+00 3.000000000000000000e+00 3.022101223468780518e-01 7.000000000000000000e+00
2.300000000000000000e+01 2.900000000000000000e+01 2.732446491718292236e-01 5.800000000000000000e+01
2.500000000000000000e+01 3.300000000000000000e+01 3.814136385917663574e-01 1.010000000000000000e+02
3.100000000000000000e+01 3.600000000000000000e+01 4.159960448741912842e-01 1.310000000000000000e+02
3.700000000000000000e+01 4.600000000000000000e+01 3.937744200229644775e-01 1.520000000000000000e+02
4.300000000000000000e+01 4.800000000000000000e+01 3.973418474197387695e-01 1.600000000000000000e+02
3.900000000000000000e+01 4.900000000000000000e+01 3.527694344520568848e-01 1.340000000000000000e+02
1.200000000000000000e+01 1.800000000000000000e+01 2.742528021335601807e-01 3.500000000000000000e+01
5.400000000000000000e+01 6.800000000000000000e+01 3.100542128086090088e-01 1.510000000000000000e+02
3.100000000000000000e+01 3.700000000000000000e+01 3.353100121021270752e-01 9.500000000000000000e+01
2.000000000000000000e+01 3.500000000000000000e+01 3.827738165855407715e-01 1.090000000000000000e+02
2.100000000000000000e+01 2.500000000000000000e+01 4.483067691326141357e-01 1.240000000000000000e+02
5.300000000000000000e+01 6.300000000000000000e+01 3.143583238124847412e-01 1.450000000000000000e+02
1.500000000000000000e+01 2.200000000000000000e+01 4.544538855552673340e-01 1.080000000000000000e+02
3.300000000000000000e+01 3.800000000000000000e+01 3.576277196407318115e-01 1.090000000000000000e+02
6.000000000000000000e+00 1.000000000000000000e+01 4.818346798419952393e-01 6.100000000000000000e+01
3.300000000000000000e+01 4.300000000000000000e+01 2.948572039604187012e-01 8.800000000000000000e+01
2.800000000000000000e+01 2.900000000000000000e+01 3.869841396808624268e-01 8.600000000000000000e+01
9.000000000000000000e+00 1.000000000000000000e+01 2.713282108306884766e-01 1.900000000000000000e+01
6.600000000000000000e+01 6.900000000000000000e+01 2.977583110332489014e-01 1.490000000000000000e+02
