0.000000000000000000e+00 0.000000000000000000e+00 8.736588954925537109e-01 5.100000000000000000e+01
1.000000000000000000e+00 5.000000000000000000e+00 8.190603852272033691e-01 8.400000000000000000e+01
0.000000000000000000e+00 1.000000000000000000e+00 8.069522380828857422e-01 7.700000000000000000e+01
7.000000000000000000e+00 1.800000000000000000e+01 7.031250596046447754e-01 9.700000000000000000e+01
0.000000000000000000e+00 1.000000000000000000e+00 8.493297696113586426e-01 4.400000000000000000e+01
2.000000000000000000e+00 6.000000000000000000e+00 8.062025308609008789e-01 8.700000000000000000e+01
2.000000000000000000e+00 9.000000000000000000e+00 7.600498199462890625e-01 6.900000000000000000e+01
2.000000000000000000e+00 9.000000000000000000e+00 7.379262447357177734e-01 7.400000000000000000e+01
1.000000000000000000e+00 3.000000000000000000e+00 7.477847337722778320e-01 2.500000000000000000e+01
6.000000000000000000e+00 1.600000000000000000e+01 7.549355626106262207e-01 1.380000000000000000e+02
4.000000000000000000e+00 1.100000000000000000e+01 7.400926351547241211e-01 8.400000000000000000e+01
5.000000000000000000e+00 1.400000000000000000e+01 7.546507120132446289e-01 1.130000000000000000e+02
8.000000000000000000e+00 1.900000000000000000e+01 7.339587211608886719e-01 1.420000000000000000e+02
1.700000000000000000e+01 4.800000000000000000e+01 6.266717314720153809e-01 1.840000000000000000e+02
1.000000000000000000e+01 3.800000000000000000e+01 6.628232002258300781e-01 1.790000000000000000e+02
3.000000000000000000e+00 1.100000000000000000e+01 7.696299552917480469e-01 1.410000000000000000e+02
5.000000000000000000e+00 1.900000000000000000e+01 7.253255248069763184e-01 1.320000000000000000e+02
6.000000000000000000e+00 2.000000000000000000e+01 7.175118327140808105e-01 1.280000000000000000e+02
3.000000000000000000e+00 1.800000000000000000e+01 7.027756571769714355e-01 1.050000000000000000e+02
4.000000000000000000e+00 1.100000000000000000e+01 7.714127302169799805e-01 9.500000000000000000e+01
1.000000000000000000e+00 5.000000000000000000e+00 7.523629665374755859e-01 7.600000000000000000e+01
8.000000000000000000e+00 2.000000000000000000e+01 7.278676033020019531e-01 1.360000000000000000e+02
3.000000000000000000e+00 7.000000000000000000e+00 6.721087098121643066e-01 3.400000000000000000e+01
9.000000000000000000e+00 2.600000000000000000e+01 6.574127674102783203e-01 1.240000000000000000e+02
4.000000000000000000e+00 1.500000000000000000e+01 7.428004145622253418e-01 1.380000000000000000e+02
2.000000000000000000e+01 6.000000000000000000e+01 5.803448557853698730e-01 1.970000000000000000e+02
7.000000000000000000e+00 2.000000000000000000e+01 7.258771061897277832e-01 1.260000000000000000e+02
5.000000000000000000e+00 1.400000000000000000e+01 7.589293122291564941e-01 1.170000000000000000e+02
2.000000000000000000e+00 7.000000000000000000e+00 7.747994661331176758e-01 7.900000000000000000e+01
2.000000000000000000e+00 1.000000000000000000e+01 7.823324203491210938e-01 1.120000000000000000e+02
1.000000000000000000e+00 2.000000000000000000e+00 6.116881966590881348e-01 7.000000000000000000e+00
2.000000000000000000e+00 9.000000000000000000e+00 7.156402468681335449e-01 5.800000000000000000e+01
1.000000000000000000e+00 5.000000000000000000e+00 8.251819610595703125e-01 1.010000000000000000e+02
4.000000000000000000e+00 1.800000000000000000e+01 7.496579289436340332e-01 1.310000000000000000e+02
6.000000000000000000e+00 2.400000000000000000e+01 7.209921479225158691e-01 1.520000000000000000e+02
1.000000000000000000e+01 2.800000000000000000e+01 7.110502123832702637e-01 1.600000000000000000e+02
8.000000000000000000e+00 2.100000000000000000e+01 7.212480902671813965e-01 1.340000000000000000e+02
2.000000000000000000e+00 5.000000000000000000e+00 6.938171982765197754e-01 3.500000000000000000e+01
7.000000000000000000e+00 1.900000000000000000e+01 7.440325021743774414e-01 1.510000000000000000e+02
2.000000000000000000e+00 6.000000000000000000e+00 7.659185528755187988e-01 9.500000000000000000e+01
3.000000000000000000e+00 1.000000000000000000e+01 7.890624403953552246e-01 1.090000000000000000e+02
4.000000000000000000e+00 1.400000000000000000e+01 7.722356915473937988e-01 1.240000000000000000e+02
8.000000000000000000e+00 2.500000000000000000e+01 6.769846677780151367e-01 1.450000000000000000e+02
2.000000000000000000e+00 7.000000000000000000e+00 8.251934051513671875e-01 1.080000000000000000e+02
2.000000000000000000e+00 5.000000000000000000e+00 8.039053082466125488e-01 1.090000000000000000e+02
1.000000000000000000e+00 3.000000000000000000e+00 8.365724682807922363e-01 6.100000000000000000e+01
5.000000000000000000e+00 1.000000000000000000e+01 7.725988030433654785e-01 8.800000000000000000e+01
2.000000000000000000e+00 4.000000000000000000e+00 8.335676789283752441e-01 8.600000000000000000e+01
0.000000000000000000e+00 2.000000000000000000e+00 7.353589534759521484e-01 1.900000000000000000e+01
1.000000000000000000e+01 2.500000000000000000e+01 6.813661456108093262e-01 1.490000000000000000e+02
