3.000000000000000000e+00 1.600000000000000000e+01 6.449404954910278320e-01 1.060000000000000000e+02
0.000000000000000000e+00 1.000000000000000000e+00 7.703436613082885742e-01 6.900000000000000000e+01
3.000000000000000000e+00 8.000000000000000000e+00 7.025745511054992676e-01 1.500000000000000000e+02
1.000000000000000000e+00 8.000000000000000000e+00 4.836055040359497070e-01 2.200000000000000000e+01
0.000000000000000000e+00 1.000000000000000000e+01 7.122020721435546875e-01 1.270000000000000000e+02
0.000000000000000000e+00 4.000000000000000000e+00 7.474995255470275879e-01 8.900000000000000000e+01
4.000000000000000000e+00 2.200000000000000000e+01 6.297829747200012207e-01 1.230000000000000000e+02
1.000000000000000000e+00 9.000000000000000000e+00 6.960529088973999023e-01 1.020000000000000000e+02
0.000000000000000000e+00 9.000000000000000000e+00 7.267295718193054199e-01 1.270000000000000000e+02
0.000000000000000000e+00 9.000000000000000000e+00 6.744012832641601562e-01 7.400000000000000000e+01
2.000000000000000000e+00 9.000000000000000000e+00 6.855486035346984863e-01 9.000000000000000000e+01
0.000000000000000000e+00 5.000000000000000000e+00 7.014746069908142090e-01 5.200000000000000000e+01
0.000000000000000000e+00 7.000000000000000000e+00 6.981691718101501465e-01 6.600000000000000000e+01
0.000000000000000000e+00 5.000000000000000000e+00 7.230811119079589844e-01 1.120000000000000000e+02
0.000000000000000000e+00 1.200000000000000000e+01 6.654220223426818848e-01 1.010000000000000000e+02
1.000000000000000000e+00 6.000000000000000000e+00 7.434063553810119629e-01 1.090000000000000000e+02
0.000000000000000000e+00 7.000000000000000000e+00 6.855621933937072754e-01 1.130000000000000000e+02
2.000000000000000000e+00 7.000000000000000000e+00 7.098706364631652832e-01 1.020000000000000000e+02
0.000000000000000000e+00 6.000000000000000000e+00 7.209372520446777344e-01 1.030000000000000000e+02
0.000000000000000000e+00 8.000000000000000000e+00 6.883801221847534180e-01 9.000000000000000000e+01
0.000000000000000000e+00 1.000000000000000000e+01 6.754167675971984863e-01 8.800000000000000000e+01
6.000000000000000000e+00 2.700000000000000000e+01 6.310299038887023926e-01 1.830000000000000000e+02
2.000000000000000000e+00 1.200000000000000000e+01 6.782441735267639160e-01 1.010000000000000000e+02
1.000000000000000000e+00 1.000000000000000000e+01 6.873492598533630371e-01 1.070000000000000000e+02
0.000000000000000000e+00 7.000000000000000000e+00 6.919099688529968262e-01 7.200000000000000000e+01
1.000000000000000000e+00 2.000000000000000000e+00 7.403084635734558105e-01 7.000000000000000000e+01
5.000000000000000000e+00 1.700000000000000000e+01 5.997254848480224609e-01 7.400000000000000000e+01
0.000000000000000000e+00 7.000000000000000000e+00 6.260684728622436523e-01 4.000000000000000000e+01
1.000000000000000000e+00 1.300000000000000000e+01 6.021110415458679199e-01 4.700000000000000000e+01
0.000000000000000000e+00 1.500000000000000000e+01 6.805547475814819336e-01 1.410000000000000000e+02
1.000000000000000000e+00 6.000000000000000000e+00 7.111208438873291016e-01 1.460000000000000000e+02
3.000000000000000000e+00 1.400000000000000000e+01 6.852943897247314453e-01 1.560000000000000000e+02
1.000000000000000000e+00 1.700000000000000000e+01 6.818909645080566406e-01 1.350000000000000000e+02
0.000000000000000000e+00 1.900000000000000000e+01 6.594743728637695312e-01 1.370000000000000000e+02
2.000000000000000000e+00 1.100000000000000000e+01 6.966408491134643555e-01 1.170000000000000000e+02
3.000000000000000000e+00 1.500000000000000000e+01 7.069156169891357422e-01 1.540000000000000000e+02
1.000000000000000000e+00 1.300000000000000000e+01 6.829074025154113770e-01 1.120000000000000000e+02
2.000000000000000000e+00 6.000000000000000000e+00 6.910210251808166504e-01 9.600000000000000000e+01
2.000000000000000000e+00 6.000000000000000000e+00 7.347769141197204590e-01 9.600000000000000000e+01
3.000000000000000000e+00 1.200000000000000000e+01 6.907441616058349609e-01 1.380000000000000000e+02
1.000000000000000000e+00 1.000000000000000000e+01 6.989669203758239746e-01 1.110000000000000000e+02
3.000000000000000000e+00 1.300000000000000000e+01 7.024669647216796875e-01 1.500000000000000000e+02
2.000000000000000000e+00 8.000000000000000000e+00 7.114752531051635742e-01 1.540000000000000000e+02
4.000000000000000000e+00 1.400000000000000000e+01 6.446101069450378418e-01 1.230000000000000000e+02
1.000000000000000000e+00 6.000000000000000000e+00 6.209845542907714844e-01 3.600000000000000000e+01
1.000000000000000000e+00 1.100000000000000000e+01 7.037925720214843750e-01 1.410000000000000000e+02
0.000000000000000000e+00 9.000000000000000000e+00 7.222778797149658203e-01 1.440000000000000000e+02
1.000000000000000000e+00 9.000000000000000000e+00 7.291842103004455566e-01 1.620000000000000000e+02
3.000000000000000000e+00 3.400000000000000000e+01 5.809358358383178711e-01 1.430000000000000000e+02
0.000000000000000000e+00 8.000000000000000000e+00 7.139790654182434082e-01 1.280000000000000000e+02
