5.000000000000000000e+00 2.000000000000000000e+01 7.270507812500000000e-01 1.060000000000000000e+02
3.000000000000000000e+00 9.000000000000000000e+00 7.676879763603210449e-01 6.900000000000000000e+01
3.000000000000000000e+00 1.200000000000000000e+01 8.249388933181762695e-01 1.500000000000000000e+02
1.000000000000000000e+00 6.000000000000000000e+00 6.192225813865661621e-01 2.200000000000000000e+01
8.000000000000000000e+00 2.500000000000000000e+01 7.334581017494201660e-01 1.270000000000000000e+02
0.000000000000000000e+00 7.000000000000000000e+00 8.347442150115966797e-01 8.900000000000000000e+01
6.000000000000000000e+00 3.100000000000000000e+01 6.616758704185485840e-01 1.230000000000000000e+02
1.000000000000000000e+00 1.000000000000000000e+01 7.955016493797302246e-01 1.020000000000000000e+02
2.000000000000000000e+00 1.800000000000000000e+01 7.705476284027099609e-01 1.270000000000000000e+02
3.000000000000000000e+00 1.400000000000000000e+01 7.268466949462890625e-01 7.400000000000000000e+01
2.000000000000000000e+00 1.200000000000000000e+01 7.515313625335693359e-01 9.000000000000000000e+01
0.000000000000000000e+00 5.000000000000000000e+00 8.197853565216064453e-01 5.200000000000000000e+01
1.000000000000000000e+00 9.000000000000000000e+00 7.595363855361938477e-01 6.600000000000000000e+01
2.000000000000000000e+00 1.300000000000000000e+01 7.943188548088073730e-01 1.120000000000000000e+02
3.000000000000000000e+00 2.100000000000000000e+01 7.006267309188842773e-01 1.010000000000000000e+02
2.000000000000000000e+00 8.000000000000000000e+00 8.127131462097167969e-01 1.090000000000000000e+02
8.000000000000000000e+00 2.200000000000000000e+01 7.344123125076293945e-01 1.130000000000000000e+02
4.000000000000000000e+00 1.200000000000000000e+01 7.965565919876098633e-01 1.020000000000000000e+02
3.000000000000000000e+00 1.500000000000000000e+01 7.447324395179748535e-01 1.030000000000000000e+02
1.000000000000000000e+00 1.500000000000000000e+01 7.411995530128479004e-01 9.000000000000000000e+01
0.000000000000000000e+00 1.200000000000000000e+01 7.965354919433593750e-01 8.800000000000000000e+01
9.000000000000000000e+00 4.400000000000000000e+01 6.440559029579162598e-01 1.830000000000000000e+02
2.000000000000000000e+00 1.100000000000000000e+01 7.737384438514709473e-01 1.010000000000000000e+02
5.000000000000000000e+00 2.100000000000000000e+01 7.207494974136352539e-01 1.070000000000000000e+02
1.000000000000000000e+00 1.000000000000000000e+01 7.777146100997924805e-01 7.200000000000000000e+01
2.000000000000000000e+00 5.000000000000000000e+00 8.374676704406738281e-01 7.000000000000000000e+01
0.000000000000000000e+00 1.400000000000000000e+01 7.284417748451232910e-01 7.400000000000000000e+01
1.000000000000000000e+00 1.000000000000000000e+01 6.340479850769042969e-01 4.000000000000000000e+01
1.000000000000000000e+00 1.000000000000000000e+01 7.142953276634216309e-01 4.700000000000000000e+01
7.000000000000000000e+00 3.400000000000000000e+01 6.901714801788330078e-01 1.410000000000000000e+02
9.000000000000000000e+00 2.800000000000000000e+01 7.359003424644470215e-01 1.460000000000000000e+02
9.000000000000000000e+00 3.700000000000000000e+01 6.712030172348022461e-01 1.560000000000000000e+02
6.000000000000000000e+00 2.800000000000000000e+01 7.082304358482360840e-01 1.350000000000000000e+02
7.000000000000000000e+00 3.600000000000000000e+01 6.389566659927368164e-01 1.370000000000000000e+02
4.000000000000000000e+00 1.800000000000000000e+01 7.222249507904052734e-01 1.170000000000000000e+02
1.000000000000000000e+01 4.000000000000000000e+01 6.340860724449157715e-01 1.540000000000000000e+02
3.000000000000000000e+00 2.100000000000000000e+01 7.214756011962890625e-01 1.120000000000000000e+02
1.000000000000000000e+00 8.000000000000000000e+00 8.352243304252624512e-01 9.600000000000000000e+01
6.000000000000000000e+00 1.300000000000000000e+01 7.827157974243164062e-01 9.600000000000000000e+01
4.000000000000000000e+00 2.200000000000000000e+01 7.264978289604187012e-01 1.380000000000000000e+02
6.000000000000000000e+00 2.200000000000000000e+01 7.014712095260620117e-01 1.110000000000000000e+02
6.000000000000000000e+00 2.800000000000000000e+01 7.031316757202148438e-01 1.500000000000000000e+02
9.000000000000000000e+00 3.000000000000000000e+01 7.041724324226379395e-01 1.540000000000000000e+02
1.000000000000000000e+01 3.300000000000000000e+01 6.581439375877380371e-01 1.230000000000000000e+02
3.000000000000000000e+00 1.100000000000000000e+01 6.121664047241210938e-01 3.600000000000000000e+01
7.000000000000000000e+00 3.200000000000000000e+01 6.875602602958679199e-01 1.410000000000000000e+02
5.000000000000000000e+00 2.000000000000000000e+01 7.474686503410339355e-01 1.440000000000000000e+02
1.200000000000000000e+01 3.900000000000000000e+01 6.700150966644287109e-01 1.620000000000000000e+02
4.000000000000000000e+00 4.200000000000000000e+01 6.298595666885375977e-01 1.430000000000000000e+02
6.000000000000000000e+00 2.200000000000000000e+01 7.291560173034667969e-01 1.280000000000000000e+02
