9.000000000000000000e+00 1.200000000000000000e+01 4.223779141902923584e-01 5.100000000000000000e+01
1.600000000000000000e+01 2.100000000000000000e+01 4.255511760711669922e-01 8.400000000000000000e+01
3.300000000000000000e+01 4.400000000000000000e+01 2.409125715494155884e-01 7.700000000000000000e+01
1.700000000000000000e+01 2.500000000000000000e+01 4.268491268157958984e-01 9.700000000000000000e+01
1.100000000000000000e+01 1.400000000000000000e+01 4.060794711112976074e-01 4.400000000000000000e+01
2.300000000000000000e+01 2.600000000000000000e+01 3.920370638370513916e-01 8.700000000000000000e+01
1.200000000000000000e+01 1.500000000000000000e+01 4.537382423877716064e-01 6.900000000000000000e+01
2.700000000000000000e+01 3.000000000000000000e+01 3.312574326992034912e-01 7.400000000000000000e+01
9.000000000000000000e+00 1.700000000000000000e+01 1.798707395792007446e-01 2.500000000000000000e+01
4.200000000000000000e+01 4.800000000000000000e+01 3.632193207740783691e-01 1.380000000000000000e+02
2.800000000000000000e+01 3.000000000000000000e+01 3.601234853267669678e-01 8.400000000000000000e+01
2.900000000000000000e+01 3.500000000000000000e+01 3.861038386821746826e-01 1.130000000000000000e+02
4.900000000000000000e+01 5.400000000000000000e+01 3.417779505252838135e-01 1.420000000000000000e+02
5.300000000000000000e+01 7.000000000000000000e+01 3.483389914035797119e-01 1.840000000000000000e+02
6.300000000000000000e+01 8.300000000000000000e+01 2.933287322521209717e-01 1.790000000000000000e+02
5.400000000000000000e+01 6.700000000000000000e+01 3.011985719203948975e-01 1.410000000000000000e+02
2.800000000000000000e+01 3.600000000000000000e+01 4.091298580169677734e-01 1.320000000000000000e+02
2.700000000000000000e+01 3.200000000000000000e+01 4.171583056449890137e-01 1.280000000000000000e+02
2.600000000000000000e+01 4.200000000000000000e+01 3.442762494087219238e-01 1.050000000000000000e+02
2.500000000000000000e+01 2.600000000000000000e+01 4.135060012340545654e-01 9.500000000000000000e+01
3.600000000000000000e+01 3.900000000000000000e+01 2.801051735877990723e-01 7.600000000000000000e+01
4.400000000000000000e+01 5.100000000000000000e+01 3.426685333251953125e-01 1.360000000000000000e+02
1.300000000000000000e+01 1.500000000000000000e+01 3.050638437271118164e-01 3.400000000000000000e+01
5.000000000000000000e+01 5.900000000000000000e+01 2.921874225139617920e-01 1.240000000000000000e+02
4.800000000000000000e+01 6.000000000000000000e+01 3.080577254295349121e-01 1.380000000000000000e+02
7.200000000000000000e+01 9.100000000000000000e+01 2.991574704647064209e-01 1.970000000000000000e+02
3.600000000000000000e+01 4.600000000000000000e+01 3.585265576839447021e-01 1.260000000000000000e+02
3.100000000000000000e+01 3.700000000000000000e+01 3.849022686481475830e-01 1.170000000000000000e+02
2.400000000000000000e+01 2.700000000000000000e+01 3.627995848655700684e-01 7.900000000000000000e+01
3.600000000000000000e+01 4.100000000000000000e+01 3.651552498340606689e-01 1.120000000000000000e+02
3.000000000000000000e+00 3.000000000000000000e+00 3.010445237159729004e-01 7.000000000000000000e+00
2.200000000000000000e+01 2.900000000000000000e+01 2.740841805934906006e-01 5.800000000000000000e+01
2.200000000000000000e+01 2.900000000000000000e+01 4.002592265605926514e-01 1.010000000000000000e+02
2.700000000000000000e+01 3.400000000000000000e+01 4.228338599205017090e-01 1.310000000000000000e+02
4.000000000000000000e+01 4.800000000000000000e+01 3.864110708236694336e-01 1.520000000000000000e+02
4.300000000000000000e+01 4.700000000000000000e+01 4.003752768039703369e-01 1.600000000000000000e+02
4.100000000000000000e+01 5.100000000000000000e+01 3.450880050659179688e-01 1.340000000000000000e+02
1.400000000000000000e+01 1.900000000000000000e+01 2.593200206756591797e-01 3.500000000000000000e+01
5.700000000000000000e+01 6.800000000000000000e+01 3.108437359333038330e-01 1.510000000000000000e+02
3.300000000000000000e+01 3.900000000000000000e+01 3.250072002410888672e-01 9.500000000000000000e+01
2.000000000000000000e+01 3.400000000000000000e+01 3.868337273597717285e-01 1.090000000000000000e+02
2.200000000000000000e+01 2.700000000000000000e+01 4.374314844608306885e-01 1.240000000000000000e+02
5.400000000000000000e+01 6.000000000000000000e+01 3.253223299980163574e-01 1.450000000000000000e+02
1.800000000000000000e+01 2.500000000000000000e+01 4.398069083690643311e-01 1.080000000000000000e+02
3.400000000000000000e+01 3.700000000000000000e+01 3.630943894386291504e-01 1.090000000000000000e+02
8.000000000000000000e+00 1.100000000000000000e+01 4.754879176616668701e-01 6.100000000000000000e+01
3.200000000000000000e+01 3.900000000000000000e+01 3.219647109508514404e-01 8.800000000000000000e+01
2.700000000000000000e+01 2.800000000000000000e+01 3.918188810348510742e-01 8.600000000000000000e+01
7.000000000000000000e+00 9.000000000000000000e+00 3.059251904487609863e-01 1.900000000000000000e+01
6.900000000000000000e+01 7.300000000000000000e+01 2.834350168704986572e-01 1.490000000000000000e+02
