0.000000000000000000e+00 9.000000000000000000e+00 7.783887982368469238e-01 5.900000000000000000e+01
2.000000000000000000e+00 1.100000000000000000e+01 7.875216603279113770e-01 8.400000000000000000e+01
1.000000000000000000e+00 6.000000000000000000e+00 7.868714332580566406e-01 7.700000000000000000e+01
7.000000000000000000e+00 2.500000000000000000e+01 6.266907453536987305e-01 9.800000000000000000e+01
0.000000000000000000e+00 1.000000000000000000e+00 8.673806786537170410e-01 4.400000000000000000e+01
1.000000000000000000e+00 7.000000000000000000e+00 8.311151862144470215e-01 8.800000000000000000e+01
0.000000000000000000e+00 1.000000000000000000e+01 7.575439214706420898e-01 7.400000000000000000e+01
1.000000000000000000e+00 1.200000000000000000e+01 7.663344740867614746e-01 7.800000000000000000e+01
1.000000000000000000e+00 3.000000000000000000e+00 6.795889735221862793e-01 2.600000000000000000e+01
7.000000000000000000e+00 2.500000000000000000e+01 7.118084430694580078e-01 1.440000000000000000e+02
4.000000000000000000e+00 1.200000000000000000e+01 7.707459926605224609e-01 8.700000000000000000e+01
5.000000000000000000e+00 2.100000000000000000e+01 7.411001324653625488e-01 1.190000000000000000e+02
7.000000000000000000e+00 3.200000000000000000e+01 7.249878644943237305e-01 1.590000000000000000e+02
1.700000000000000000e+01 5.400000000000000000e+01 6.324799656867980957e-01 1.880000000000000000e+02
7.000000000000000000e+00 4.700000000000000000e+01 6.455108523368835449e-01 1.890000000000000000e+02
1.000000000000000000e+00 1.500000000000000000e+01 7.843535542488098145e-01 1.450000000000000000e+02
5.000000000000000000e+00 2.300000000000000000e+01 7.313593029975891113e-01 1.340000000000000000e+02
4.000000000000000000e+00 2.100000000000000000e+01 7.451457381248474121e-01 1.320000000000000000e+02
6.000000000000000000e+00 3.300000000000000000e+01 6.326303482055664062e-01 1.140000000000000000e+02
3.000000000000000000e+00 1.400000000000000000e+01 7.701951861381530762e-01 9.900000000000000000e+01
2.000000000000000000e+00 1.200000000000000000e+01 7.633990049362182617e-01 8.000000000000000000e+01
6.000000000000000000e+00 2.100000000000000000e+01 7.437928318977355957e-01 1.390000000000000000e+02
3.000000000000000000e+00 9.000000000000000000e+00 6.824281811714172363e-01 3.500000000000000000e+01
1.000000000000000000e+01 3.200000000000000000e+01 6.874402761459350586e-01 1.290000000000000000e+02
6.000000000000000000e+00 3.500000000000000000e+01 6.680042743682861328e-01 1.510000000000000000e+02
1.700000000000000000e+01 7.100000000000000000e+01 5.553303956985473633e-01 2.040000000000000000e+02
8.000000000000000000e+00 2.500000000000000000e+01 7.148320674896240234e-01 1.280000000000000000e+02
4.000000000000000000e+00 2.100000000000000000e+01 7.298828363418579102e-01 1.230000000000000000e+02
1.000000000000000000e+00 1.500000000000000000e+01 7.651250958442687988e-01 8.800000000000000000e+01
4.000000000000000000e+00 2.200000000000000000e+01 7.220343947410583496e-01 1.150000000000000000e+02
1.000000000000000000e+00 2.000000000000000000e+00 6.397783160209655762e-01 7.000000000000000000e+00
4.000000000000000000e+00 1.700000000000000000e+01 6.181010007858276367e-01 6.200000000000000000e+01
3.000000000000000000e+00 1.700000000000000000e+01 7.439320087432861328e-01 1.070000000000000000e+02
5.000000000000000000e+00 1.700000000000000000e+01 7.882237434387207031e-01 1.340000000000000000e+02
1.200000000000000000e+01 5.900000000000000000e+01 5.828431844711303711e-01 1.740000000000000000e+02
1.200000000000000000e+01 3.900000000000000000e+01 6.700150966644287109e-01 1.620000000000000000e+02
7.000000000000000000e+00 3.200000000000000000e+01 6.875602602958679199e-01 1.410000000000000000e+02
3.000000000000000000e+00 1.100000000000000000e+01 6.121664047241210938e-01 3.600000000000000000e+01
9.000000000000000000e+00 3.000000000000000000e+01 7.041724324226379395e-01 1.540000000000000000e+02
1.000000000000000000e+00 8.000000000000000000e+00 8.352243304252624512e-01 9.600000000000000000e+01
3.000000000000000000e+00 2.100000000000000000e+01 7.214756011962890625e-01 1.120000000000000000e+02
6.000000000000000000e+00 2.800000000000000000e+01 7.082304358482360840e-01 1.350000000000000000e+02
9.000000000000000000e+00 2.800000000000000000e+01 7.359003424644470215e-01 1.460000000000000000e+02
2.000000000000000000e+00 8.000000000000000000e+00 8.127131462097167969e-01 1.090000000000000000e+02
2.000000000000000000e+00 1.300000000000000000e+01 7.943188548088073730e-01 1.120000000000000000e+02
1.000000000000000000e+00 9.000000000000000000e+00 7.595363855361938477e-01 6.600000000000000000e+01
2.000000000000000000e+00 1.200000000000000000e+01 7.515313625335693359e-01 9.000000000000000000e+01
0.000000000000000000e+00 7.000000000000000000e+00 8.347442150115966797e-01 8.900000000000000000e+01
1.000000000000000000e+00 6.000000000000000000e+00 6.192225813865661621e-01 2.200000000000000000e+01
3.000000000000000000e+00 1.200000000000000000e+01 8.249388933181762695e-01 1.500000000000000000e+02
