0.000000000000000000e+00 1.000000000000000000e+00 6.304656863212585449e-01 5.100000000000000000e+01
3.000000000000000000e+00 5.000000000000000000e+00 6.150945425033569336e-01 8.400000000000000000e+01
9.000000000000000000e+00 2.200000000000000000e+01 4.395563602447509766e-01 7.700000000000000000e+01
3.000000000000000000e+00 1.500000000000000000e+01 5.601796507835388184e-01 9.700000000000000000e+01
1.000000000000000000e+00 3.000000000000000000e+00 6.182930469512939453e-01 4.400000000000000000e+01
0.000000000000000000e+00 2.000000000000000000e+00 6.245269179344177246e-01 8.700000000000000000e+01
2.000000000000000000e+00 6.000000000000000000e+00 6.058747172355651855e-01 6.900000000000000000e+01
6.000000000000000000e+00 9.000000000000000000e+00 5.492674708366394043e-01 7.400000000000000000e+01
7.000000000000000000e+00 9.000000000000000000e+00 3.969171047210693359e-01 2.500000000000000000e+01
9.000000000000000000e+00 1.800000000000000000e+01 5.563588142395019531e-01 1.380000000000000000e+02
2.000000000000000000e+00 6.000000000000000000e+00 5.889945030212402344e-01 8.400000000000000000e+01
4.000000000000000000e+00 9.000000000000000000e+00 5.879626870155334473e-01 1.130000000000000000e+02
8.000000000000000000e+00 1.300000000000000000e+01 5.774342417716979980e-01 1.420000000000000000e+02
1.200000000000000000e+01 2.900000000000000000e+01 5.400604009628295898e-01 1.840000000000000000e+02
1.600000000000000000e+01 3.900000000000000000e+01 4.929185211658477783e-01 1.790000000000000000e+02
9.000000000000000000e+00 2.400000000000000000e+01 5.300189256668090820e-01 1.410000000000000000e+02
7.000000000000000000e+00 1.400000000000000000e+01 5.865474343299865723e-01 1.320000000000000000e+02
3.000000000000000000e+00 1.000000000000000000e+01 5.902909636497497559e-01 1.280000000000000000e+02
1.000000000000000000e+01 2.600000000000000000e+01 4.926048517227172852e-01 1.050000000000000000e+02
1.000000000000000000e+00 2.000000000000000000e+00 6.388828754425048828e-01 9.500000000000000000e+01
9.000000000000000000e+00 1.400000000000000000e+01 5.049145817756652832e-01 7.600000000000000000e+01
5.000000000000000000e+00 1.100000000000000000e+01 5.792039036750793457e-01 1.360000000000000000e+02
2.000000000000000000e+00 4.000000000000000000e+00 5.483949780464172363e-01 3.400000000000000000e+01
6.000000000000000000e+00 1.800000000000000000e+01 5.273012518882751465e-01 1.240000000000000000e+02
7.000000000000000000e+00 2.000000000000000000e+01 5.367128252983093262e-01 1.380000000000000000e+02
1.300000000000000000e+01 3.200000000000000000e+01 5.292643308639526367e-01 1.970000000000000000e+02
6.000000000000000000e+00 2.100000000000000000e+01 5.370615720748901367e-01 1.260000000000000000e+02
3.000000000000000000e+00 1.000000000000000000e+01 5.836428999900817871e-01 1.170000000000000000e+02
3.000000000000000000e+00 7.000000000000000000e+00 5.717663168907165527e-01 7.900000000000000000e+01
5.000000000000000000e+00 1.000000000000000000e+01 5.858135223388671875e-01 1.120000000000000000e+02
1.000000000000000000e+00 1.000000000000000000e+00 5.145969986915588379e-01 7.000000000000000000e+00
2.000000000000000000e+00 8.000000000000000000e+00 5.374899506568908691e-01 5.800000000000000000e+01
3.000000000000000000e+00 6.000000000000000000e+00 6.088861227035522461e-01 1.010000000000000000e+02
8.000000000000000000e+00 1.400000000000000000e+01 5.840536952018737793e-01 1.310000000000000000e+02
6.000000000000000000e+00 1.400000000000000000e+01 5.873679518699645996e-01 1.520000000000000000e+02
5.000000000000000000e+00 1.100000000000000000e+01 6.044453382492065430e-01 1.600000000000000000e+02
7.000000000000000000e+00 1.400000000000000000e+01 5.692697763442993164e-01 1.340000000000000000e+02
5.000000000000000000e+00 1.000000000000000000e+01 4.481692612171173096e-01 3.500000000000000000e+01
1.500000000000000000e+01 2.400000000000000000e+01 5.312121510505676270e-01 1.510000000000000000e+02
6.000000000000000000e+00 1.100000000000000000e+01 5.450476408004760742e-01 9.500000000000000000e+01
3.000000000000000000e+00 1.500000000000000000e+01 5.622035264968872070e-01 1.090000000000000000e+02
2.000000000000000000e+00 7.000000000000000000e+00 6.155561804771423340e-01 1.240000000000000000e+02
8.000000000000000000e+00 1.700000000000000000e+01 5.493993163108825684e-01 1.450000000000000000e+02
1.000000000000000000e+00 7.000000000000000000e+00 6.187362074851989746e-01 1.080000000000000000e+02
1.000000000000000000e+00 5.000000000000000000e+00 5.969358086585998535e-01 1.090000000000000000e+02
1.000000000000000000e+00 4.000000000000000000e+00 6.252251863479614258e-01 6.100000000000000000e+01
5.000000000000000000e+00 1.300000000000000000e+01 5.468454360961914062e-01 8.800000000000000000e+01
1.000000000000000000e+00 3.000000000000000000e+00 6.257186532020568848e-01 8.600000000000000000e+01
6.000000000000000000e+00 8.000000000000000000e+00 3.844987154006958008e-01 1.900000000000000000e+01
1.300000000000000000e+01 1.700000000000000000e+01 5.476502776145935059e-01 1.490000000000000000e+02
