0.000000000000000000e+00 1.100000000000000000e+01 6.818329095840454102e-01 5.100000000000000000e+01
0.000000000000000000e+00 2.800000000000000000e+01 5.837451815605163574e-01 8.400000000000000000e+01
0.000000000000000000e+00 4.100000000000000000e+01 3.839763402938842773e-01 7.700000000000000000e+01
1.000000000000000000e+00 5.500000000000000000e+01 3.784569799900054932e-01 9.700000000000000000e+01
0.000000000000000000e+00 9.000000000000000000e+00 6.987960934638977051e-01 4.400000000000000000e+01
0.000000000000000000e+00 2.800000000000000000e+01 5.946826934814453125e-01 8.700000000000000000e+01
2.000000000000000000e+00 1.900000000000000000e+01 6.400111317634582520e-01 6.900000000000000000e+01
0.000000000000000000e+00 2.500000000000000000e+01 5.603194832801818848e-01 7.400000000000000000e+01
0.000000000000000000e+00 1.000000000000000000e+01 5.010104179382324219e-01 2.500000000000000000e+01
0.000000000000000000e+00 5.300000000000000000e+01 5.321876406669616699e-01 1.380000000000000000e+02
1.000000000000000000e+00 3.600000000000000000e+01 4.903231561183929443e-01 8.400000000000000000e+01
0.000000000000000000e+00 4.900000000000000000e+01 4.892412126064300537e-01 1.130000000000000000e+02
3.000000000000000000e+00 5.200000000000000000e+01 5.431167483329772949e-01 1.420000000000000000e+02
4.000000000000000000e+00 9.200000000000000000e+01 4.307192862033843994e-01 1.840000000000000000e+02
1.000000000000000000e+00 8.600000000000000000e+01 4.441736340522766113e-01 1.790000000000000000e+02
0.000000000000000000e+00 5.700000000000000000e+01 5.090029239654541016e-01 1.410000000000000000e+02
0.000000000000000000e+00 6.200000000000000000e+01 4.562569856643676758e-01 1.320000000000000000e+02
1.000000000000000000e+00 5.000000000000000000e+01 5.199376344680786133e-01 1.280000000000000000e+02
2.000000000000000000e+00 4.700000000000000000e+01 4.761816263198852539e-01 1.050000000000000000e+02
1.000000000000000000e+00 4.000000000000000000e+01 5.050187110900878906e-01 9.500000000000000000e+01
0.000000000000000000e+00 3.400000000000000000e+01 4.530013203620910645e-01 7.600000000000000000e+01
1.000000000000000000e+00 4.400000000000000000e+01 5.827169418334960938e-01 1.360000000000000000e+02
2.000000000000000000e+00 1.300000000000000000e+01 5.211559534072875977e-01 3.400000000000000000e+01
0.000000000000000000e+00 7.000000000000000000e+01 3.722149431705474854e-01 1.240000000000000000e+02
0.000000000000000000e+00 6.700000000000000000e+01 4.386953413486480713e-01 1.380000000000000000e+02
2.000000000000000000e+00 1.120000000000000000e+02 3.702705502510070801e-01 1.970000000000000000e+02
1.000000000000000000e+00 5.100000000000000000e+01 5.178381204605102539e-01 1.260000000000000000e+02
1.000000000000000000e+00 5.500000000000000000e+01 4.615634679794311523e-01 1.170000000000000000e+02
1.000000000000000000e+00 2.900000000000000000e+01 5.411604046821594238e-01 7.900000000000000000e+01
1.000000000000000000e+00 5.100000000000000000e+01 4.694618284702301025e-01 1.120000000000000000e+02
0.000000000000000000e+00 5.000000000000000000e+00 2.400412857532501221e-01 7.000000000000000000e+00
0.000000000000000000e+00 2.000000000000000000e+01 5.540111064910888672e-01 5.800000000000000000e+01
1.000000000000000000e+00 3.600000000000000000e+01 5.615144371986389160e-01 1.010000000000000000e+02
4.000000000000000000e+00 4.800000000000000000e+01 5.500646829605102539e-01 1.310000000000000000e+02
0.000000000000000000e+00 7.500000000000000000e+01 4.420174062252044678e-01 1.520000000000000000e+02
1.000000000000000000e+00 7.300000000000000000e+01 4.673444628715515137e-01 1.600000000000000000e+02
1.000000000000000000e+00 5.700000000000000000e+01 4.953222274780273438e-01 1.340000000000000000e+02
0.000000000000000000e+00 2.100000000000000000e+01 3.346982002258300781e-01 3.500000000000000000e+01
4.000000000000000000e+00 6.900000000000000000e+01 4.707552194595336914e-01 1.510000000000000000e+02
1.000000000000000000e+00 3.500000000000000000e+01 5.231235623359680176e-01 9.500000000000000000e+01
0.000000000000000000e+00 3.900000000000000000e+01 5.551092028617858887e-01 1.090000000000000000e+02
1.000000000000000000e+00 4.500000000000000000e+01 5.598435401916503906e-01 1.240000000000000000e+02
2.000000000000000000e+00 5.800000000000000000e+01 5.052983760833740234e-01 1.450000000000000000e+02
0.000000000000000000e+00 3.200000000000000000e+01 6.218544244766235352e-01 1.080000000000000000e+02
0.000000000000000000e+00 3.600000000000000000e+01 5.723502635955810547e-01 1.090000000000000000e+02
0.000000000000000000e+00 2.300000000000000000e+01 5.486969351768493652e-01 6.100000000000000000e+01
1.000000000000000000e+00 2.600000000000000000e+01 6.154003143310546875e-01 8.800000000000000000e+01
0.000000000000000000e+00 2.700000000000000000e+01 5.940219759941101074e-01 8.600000000000000000e+01
0.000000000000000000e+00 1.600000000000000000e+01 1.365635544061660767e-01 1.900000000000000000e+01
1.000000000000000000e+00 5.500000000000000000e+01 5.293294787406921387e-01 1.490000000000000000e+02
