0.000000000000000000e+00 0.000000000000000000e+00 7.523697018623352051e-01 5.100000000000000000e+01
0.000000000000000000e+00 2.000000000000000000e+00 7.448524832725524902e-01 8.400000000000000000e+01
2.000000000000000000e+00 1.400000000000000000e+01 5.509777069091796875e-01 7.700000000000000000e+01
0.000000000000000000e+00 7.000000000000000000e+00 7.095075845718383789e-01 9.700000000000000000e+01
0.000000000000000000e+00 2.000000000000000000e+00 7.315103411674499512e-01 4.400000000000000000e+01
0.000000000000000000e+00 0.000000000000000000e+00 7.522908449172973633e-01 8.700000000000000000e+01
1.000000000000000000e+00 4.000000000000000000e+00 7.212690711021423340e-01 6.900000000000000000e+01
0.000000000000000000e+00 2.000000000000000000e+00 7.106835842132568359e-01 7.400000000000000000e+01
0.000000000000000000e+00 2.000000000000000000e+00 6.345361471176147461e-01 2.500000000000000000e+01
0.000000000000000000e+00 9.000000000000000000e+00 7.053390741348266602e-01 1.380000000000000000e+02
2.000000000000000000e+00 4.000000000000000000e+00 7.120957374572753906e-01 8.400000000000000000e+01
3.000000000000000000e+00 8.000000000000000000e+00 6.974837183952331543e-01 1.130000000000000000e+02
2.000000000000000000e+00 2.000000000000000000e+00 7.376612424850463867e-01 1.420000000000000000e+02
1.200000000000000000e+01 2.300000000000000000e+01 6.630008816719055176e-01 1.840000000000000000e+02
2.000000000000000000e+00 2.200000000000000000e+01 6.499416828155517578e-01 1.790000000000000000e+02
0.000000000000000000e+00 1.200000000000000000e+01 6.764646768569946289e-01 1.410000000000000000e+02
1.000000000000000000e+00 8.000000000000000000e+00 7.135133147239685059e-01 1.320000000000000000e+02
1.000000000000000000e+00 5.000000000000000000e+00 7.250199317932128906e-01 1.280000000000000000e+02
5.000000000000000000e+00 1.800000000000000000e+01 6.204375624656677246e-01 1.050000000000000000e+02
0.000000000000000000e+00 0.000000000000000000e+00 7.680007219314575195e-01 9.500000000000000000e+01
2.000000000000000000e+00 7.000000000000000000e+00 6.429326534271240234e-01 7.600000000000000000e+01
4.000000000000000000e+00 6.000000000000000000e+00 7.112953066825866699e-01 1.360000000000000000e+02
0.000000000000000000e+00 1.000000000000000000e+00 7.058082222938537598e-01 3.400000000000000000e+01
1.000000000000000000e+00 1.000000000000000000e+01 6.654096245765686035e-01 1.240000000000000000e+02
1.000000000000000000e+00 1.300000000000000000e+01 6.586041450500488281e-01 1.380000000000000000e+02
3.000000000000000000e+00 1.200000000000000000e+01 6.982601284980773926e-01 1.970000000000000000e+02
3.000000000000000000e+00 1.400000000000000000e+01 6.779456138610839844e-01 1.260000000000000000e+02
3.000000000000000000e+00 9.000000000000000000e+00 6.917421817779541016e-01 1.170000000000000000e+02
0.000000000000000000e+00 3.000000000000000000e+00 7.127977013587951660e-01 7.900000000000000000e+01
3.000000000000000000e+00 6.000000000000000000e+00 7.188001275062561035e-01 1.120000000000000000e+02
0.000000000000000000e+00 0.000000000000000000e+00 6.959750056266784668e-01 7.000000000000000000e+00
0.000000000000000000e+00 3.000000000000000000e+00 7.020974755287170410e-01 5.800000000000000000e+01
0.000000000000000000e+00 2.000000000000000000e+00 7.364662885665893555e-01 1.010000000000000000e+02
3.000000000000000000e+00 7.000000000000000000e+00 7.250721454620361328e-01 1.310000000000000000e+02
1.000000000000000000e+00 7.000000000000000000e+00 7.231215834617614746e-01 1.520000000000000000e+02
0.000000000000000000e+00 3.000000000000000000e+00 7.465844154357910156e-01 1.600000000000000000e+02
2.000000000000000000e+00 8.000000000000000000e+00 7.051161527633666992e-01 1.340000000000000000e+02
4.000000000000000000e+00 7.000000000000000000e+00 5.946312546730041504e-01 3.500000000000000000e+01
0.000000000000000000e+00 5.000000000000000000e+00 7.097603678703308105e-01 1.510000000000000000e+02
3.000000000000000000e+00 6.000000000000000000e+00 6.716514825820922852e-01 9.500000000000000000e+01
2.000000000000000000e+00 1.100000000000000000e+01 6.859030127525329590e-01 1.090000000000000000e+02
1.000000000000000000e+00 6.000000000000000000e+00 7.322572469711303711e-01 1.240000000000000000e+02
0.000000000000000000e+00 3.000000000000000000e+00 7.175936102867126465e-01 1.450000000000000000e+02
1.000000000000000000e+00 5.000000000000000000e+00 7.382156252861022949e-01 1.080000000000000000e+02
1.000000000000000000e+00 3.000000000000000000e+00 7.161310911178588867e-01 1.090000000000000000e+02
0.000000000000000000e+00 2.000000000000000000e+00 7.440254688262939453e-01 6.100000000000000000e+01
2.000000000000000000e+00 7.000000000000000000e+00 6.843343973159790039e-01 8.800000000000000000e+01
0.000000000000000000e+00 1.000000000000000000e+00 7.468912601470947266e-01 8.600000000000000000e+01
1.000000000000000000e+00 4.000000000000000000e+00 5.840395092964172363e-01 1.900000000000000000e+01
4.000000000000000000e+00 9.000000000000000000e+00 6.762616634368896484e-01 1.490000000000000000e+02
