3.000000000000000000e+00 1.300000000000000000e+01 5.931261777877807617e-01 9.100000000000000000e+01
9.000000000000000000e+00 2.200000000000000000e+01 5.387082695960998535e-01 9.900000000000000000e+01
4.000000000000000000e+00 1.400000000000000000e+01 5.876947641372680664e-01 7.600000000000000000e+01
5.000000000000000000e+00 1.900000000000000000e+01 6.043156981468200684e-01 1.350000000000000000e+02
3.100000000000000000e+01 8.800000000000000000e+01 4.028200209140777588e-01 2.060000000000000000e+02
1.700000000000000000e+01 4.300000000000000000e+01 5.255050063133239746e-01 1.490000000000000000e+02
2.000000000000000000e+00 0.000000000000000000e+00 0.000000000000000000e+00 0.000000000000000000e+00
5.000000000000000000e+00 1.400000000000000000e+01 5.737577676773071289e-01 7.800000000000000000e+01
1.500000000000000000e+01 4.100000000000000000e+01 5.139068365097045898e-01 1.550000000000000000e+02
1.200000000000000000e+01 3.500000000000000000e+01 5.253657698631286621e-01 1.510000000000000000e+02
8.000000000000000000e+00 1.100000000000000000e+01 3.511124253273010254e-01 2.600000000000000000e+01
1.400000000000000000e+01 3.200000000000000000e+01 4.996010363101959229e-01 1.130000000000000000e+02
3.000000000000000000e+00 7.000000000000000000e+00 6.278514266014099121e-01 5.300000000000000000e+01
1.600000000000000000e+01 4.100000000000000000e+01 4.698409438133239746e-01 1.190000000000000000e+02
1.100000000000000000e+01 2.200000000000000000e+01 5.561734437942504883e-01 1.050000000000000000e+02
6.000000000000000000e+00 1.800000000000000000e+01 5.688711404800415039e-01 1.130000000000000000e+02
1.000000000000000000e+01 2.300000000000000000e+01 5.615390539169311523e-01 1.210000000000000000e+02
1.400000000000000000e+01 2.500000000000000000e+01 5.057365298271179199e-01 1.010000000000000000e+02
3.000000000000000000e+00 1.100000000000000000e+01 4.829751551151275635e-01 4.000000000000000000e+01
1.800000000000000000e+01 5.100000000000000000e+01 4.653485417366027832e-01 1.530000000000000000e+02
1.700000000000000000e+01 5.100000000000000000e+01 4.751312136650085449e-01 1.630000000000000000e+02
4.000000000000000000e+00 1.400000000000000000e+01 6.084845662117004395e-01 1.190000000000000000e+02
2.000000000000000000e+01 5.700000000000000000e+01 4.504056274890899658e-01 1.620000000000000000e+02
0.000000000000000000e+00 1.000000000000000000e+00 6.745119094848632812e-01 4.400000000000000000e+01
8.000000000000000000e+00 1.400000000000000000e+01 5.684244036674499512e-01 7.400000000000000000e+01
1.300000000000000000e+01 4.100000000000000000e+01 5.090338587760925293e-01 1.610000000000000000e+02
4.000000000000000000e+00 7.000000000000000000e+00 5.912597179412841797e-01 5.000000000000000000e+01
1.500000000000000000e+01 3.900000000000000000e+01 5.173432826995849609e-01 1.430000000000000000e+02
1.200000000000000000e+01 3.200000000000000000e+01 5.518743991851806641e-01 1.410000000000000000e+02
1.100000000000000000e+01 2.400000000000000000e+01 5.243859291076660156e-01 9.800000000000000000e+01
2.900000000000000000e+01 7.000000000000000000e+01 4.340901672840118408e-01 1.840000000000000000e+02
2.600000000000000000e+01 6.300000000000000000e+01 4.656556546688079834e-01 1.920000000000000000e+02
8.000000000000000000e+00 2.400000000000000000e+01 5.215952992439270020e-01 8.900000000000000000e+01
1.800000000000000000e+01 3.300000000000000000e+01 5.068095326423645020e-01 1.310000000000000000e+02
1.900000000000000000e+01 3.400000000000000000e+01 4.990007877349853516e-01 1.270000000000000000e+02
3.000000000000000000e+00 1.100000000000000000e+01 6.130339503288269043e-01 8.200000000000000000e+01
1.200000000000000000e+01 2.800000000000000000e+01 5.002833604812622070e-01 1.130000000000000000e+02
3.000000000000000000e+00 9.000000000000000000e+00 6.470834612846374512e-01 9.600000000000000000e+01
6.000000000000000000e+00 1.600000000000000000e+01 5.677404999732971191e-01 9.300000000000000000e+01
5.000000000000000000e+00 2.100000000000000000e+01 5.670980215072631836e-01 9.900000000000000000e+01
4.000000000000000000e+00 1.300000000000000000e+01 5.954027175903320312e-01 8.300000000000000000e+01
1.000000000000000000e+01 2.400000000000000000e+01 5.297088027000427246e-01 1.040000000000000000e+02
7.000000000000000000e+00 1.800000000000000000e+01 5.940504670143127441e-01 1.020000000000000000e+02
3.000000000000000000e+00 8.000000000000000000e+00 6.408560276031494141e-01 1.090000000000000000e+02
6.000000000000000000e+00 1.800000000000000000e+01 5.855301022529602051e-01 1.030000000000000000e+02
1.800000000000000000e+01 4.700000000000000000e+01 4.771405756473541260e-01 1.470000000000000000e+02
1.600000000000000000e+01 4.900000000000000000e+01 4.693448841571807861e-01 1.520000000000000000e+02
9.000000000000000000e+00 2.900000000000000000e+01 5.270825624465942383e-01 1.180000000000000000e+02
1.700000000000000000e+01 4.200000000000000000e+01 4.957132041454315186e-01 1.510000000000000000e+02
1.500000000000000000e+01 3.700000000000000000e+01 4.928749799728393555e-01 1.380000000000000000e+02
2.300000000000000000e+01 6.300000000000000000e+01 4.348951876163482666e-01 1.650000000000000000e+02
1.600000000000000000e+01 3.500000000000000000e+01 5.009705424308776855e-01 1.310000000000000000e+02
2.000000000000000000e+01 5.200000000000000000e+01 4.879179298877716064e-01 1.630000000000000000e+02
1.300000000000000000e+01 2.600000000000000000e+01 5.041031837463378906e-01 1.070000000000000000e+02
7.000000000000000000e+00 1.500000000000000000e+01 5.838540196418762207e-01 9.000000000000000000e+01
1.700000000000000000e+01 3.400000000000000000e+01 4.303887486457824707e-01 9.800000000000000000e+01
9.000000000000000000e+00 1.900000000000000000e+01 5.414825677871704102e-01 9.300000000000000000e+01
3.000000000000000000e+00 1.200000000000000000e+01 6.461224555969238281e-01 1.030000000000000000e+02
9.000000000000000000e+00 2.200000000000000000e+01 5.622694492340087891e-01 1.070000000000000000e+02
2.100000000000000000e+01 5.200000000000000000e+01 4.611985981464385986e-01 1.540000000000000000e+02
8.000000000000000000e+00 2.100000000000000000e+01 5.397306680679321289e-01 1.000000000000000000e+02
8.000000000000000000e+00 2.000000000000000000e+01 4.118292629718780518e-01 4.900000000000000000e+01
1.000000000000000000e+01 1.900000000000000000e+01 5.247855186462402344e-01 8.100000000000000000e+01
1.300000000000000000e+01 3.300000000000000000e+01 4.953800737857818604e-01 1.240000000000000000e+02
8.000000000000000000e+00 2.200000000000000000e+01 5.932954549789428711e-01 1.240000000000000000e+02
9.000000000000000000e+00 2.400000000000000000e+01 5.551951527595520020e-01 1.200000000000000000e+02
8.000000000000000000e+00 2.100000000000000000e+01 5.632223486900329590e-01 1.190000000000000000e+02
1.000000000000000000e+01 2.800000000000000000e+01 5.496582388877868652e-01 1.230000000000000000e+02
1.100000000000000000e+01 2.400000000000000000e+01 5.302441716194152832e-01 1.080000000000000000e+02
3.000000000000000000e+00 9.000000000000000000e+00 5.951605439186096191e-01 5.500000000000000000e+01
6.000000000000000000e+00 1.900000000000000000e+01 5.822758674621582031e-01 1.160000000000000000e+02
1.100000000000000000e+01 3.100000000000000000e+01 5.392645001411437988e-01 1.390000000000000000e+02
5.000000000000000000e+00 1.600000000000000000e+01 5.571879744529724121e-01 9.500000000000000000e+01
2.200000000000000000e+01 5.400000000000000000e+01 4.655263125896453857e-01 1.660000000000000000e+02
5.000000000000000000e+00 1.700000000000000000e+01 5.770641565322875977e-01 1.030000000000000000e+02
1.400000000000000000e+01 2.600000000000000000e+01 5.820040106773376465e-01 1.440000000000000000e+02
1.600000000000000000e+01 3.900000000000000000e+01 5.197529792785644531e-01 1.530000000000000000e+02
1.500000000000000000e+01 3.800000000000000000e+01 4.981907308101654053e-01 1.330000000000000000e+02
9.000000000000000000e+00 1.900000000000000000e+01 5.901541113853454590e-01 1.180000000000000000e+02
1.400000000000000000e+01 2.800000000000000000e+01 5.297091603279113770e-01 1.260000000000000000e+02
1.300000000000000000e+01 2.400000000000000000e+01 4.806880354881286621e-01 8.200000000000000000e+01
1.100000000000000000e+01 2.600000000000000000e+01 5.861863493919372559e-01 1.490000000000000000e+02
1.000000000000000000e+01 1.600000000000000000e+01 5.158595442771911621e-01 7.800000000000000000e+01
1.600000000000000000e+01 4.000000000000000000e+01 5.124826431274414062e-01 1.480000000000000000e+02
2.000000000000000000e+00 3.000000000000000000e+00 3.839560151100158691e-01 7.000000000000000000e+00
7.000000000000000000e+00 1.500000000000000000e+01 5.666353106498718262e-01 9.000000000000000000e+01
1.200000000000000000e+01 2.900000000000000000e+01 5.543192625045776367e-01 1.370000000000000000e+02
1.400000000000000000e+01 3.000000000000000000e+01 3.786301910877227783e-01 7.300000000000000000e+01
1.200000000000000000e+01 3.800000000000000000e+01 5.062962174415588379e-01 1.390000000000000000e+02
5.000000000000000000e+00 1.000000000000000000e+01 5.018338561058044434e-01 3.500000000000000000e+01
1.600000000000000000e+01 4.000000000000000000e+01 4.910593628883361816e-01 1.360000000000000000e+02
3.000000000000000000e+00 9.000000000000000000e+00 6.177492737770080566e-01 8.400000000000000000e+01
2.400000000000000000e+01 5.200000000000000000e+01 4.571743607521057129e-01 1.540000000000000000e+02
1.000000000000000000e+01 3.200000000000000000e+01 5.338908433914184570e-01 1.300000000000000000e+02
1.800000000000000000e+01 4.400000000000000000e+01 4.909231662750244141e-01 1.360000000000000000e+02
1.600000000000000000e+01 4.400000000000000000e+01 4.947821497917175293e-01 1.480000000000000000e+02
7.000000000000000000e+00 1.800000000000000000e+01 5.746728181838989258e-01 1.050000000000000000e+02
2.600000000000000000e+01 7.100000000000000000e+01 4.384388923645019531e-01 1.920000000000000000e+02
2.000000000000000000e+00 6.000000000000000000e+00 6.367975473403930664e-01 6.500000000000000000e+01
