3.000000000000000000e+00 1.400000000000000000e+01 7.473620772361755371e-01 9.100000000000000000e+01
1.000000000000000000e+00 1.700000000000000000e+01 6.633598804473876953e-01 9.900000000000000000e+01
2.000000000000000000e+00 1.500000000000000000e+01 6.752918362617492676e-01 7.600000000000000000e+01
1.000000000000000000e+00 1.600000000000000000e+01 7.682368755340576172e-01 1.350000000000000000e+02
1.100000000000000000e+01 6.300000000000000000e+01 5.613864064216613770e-01 2.060000000000000000e+02
6.000000000000000000e+00 3.300000000000000000e+01 6.304450035095214844e-01 1.490000000000000000e+02
0.000000000000000000e+00 0.000000000000000000e+00 1.000000000000000000e+00 0.000000000000000000e+00
1.000000000000000000e+00 1.200000000000000000e+01 7.316521406173706055e-01 7.800000000000000000e+01
7.000000000000000000e+00 6.000000000000000000e+01 4.826501607894897461e-01 1.550000000000000000e+02
4.000000000000000000e+00 4.300000000000000000e+01 5.782143473625183105e-01 1.510000000000000000e+02
0.000000000000000000e+00 1.800000000000000000e+01 2.385611236095428467e-01 2.600000000000000000e+01
2.000000000000000000e+00 2.900000000000000000e+01 6.108520030975341797e-01 1.130000000000000000e+02
0.000000000000000000e+00 1.100000000000000000e+01 6.538165211677551270e-01 5.300000000000000000e+01
7.000000000000000000e+00 2.800000000000000000e+01 6.277299523353576660e-01 1.190000000000000000e+02
6.000000000000000000e+00 4.600000000000000000e+01 4.302548468112945557e-01 1.050000000000000000e+02
1.000000000000000000e+00 1.600000000000000000e+01 7.518884539604187012e-01 1.130000000000000000e+02
3.000000000000000000e+00 2.300000000000000000e+01 6.747887134552001953e-01 1.210000000000000000e+02
4.000000000000000000e+00 3.300000000000000000e+01 5.238108634948730469e-01 1.010000000000000000e+02
2.000000000000000000e+00 1.800000000000000000e+01 4.046514034271240234e-01 4.000000000000000000e+01
3.000000000000000000e+00 2.500000000000000000e+01 6.987423300743103027e-01 1.530000000000000000e+02
1.000000000000000000e+00 4.700000000000000000e+01 5.791319012641906738e-01 1.630000000000000000e+02
2.000000000000000000e+00 1.600000000000000000e+01 7.174965143203735352e-01 1.190000000000000000e+02
4.000000000000000000e+00 2.200000000000000000e+01 7.524979114532470703e-01 1.620000000000000000e+02
0.000000000000000000e+00 9.000000000000000000e+00 6.466184258460998535e-01 4.400000000000000000e+01
2.000000000000000000e+00 1.000000000000000000e+01 7.671236395835876465e-01 7.400000000000000000e+01
1.000000000000000000e+00 3.300000000000000000e+01 6.825593113899230957e-01 1.610000000000000000e+02
0.000000000000000000e+00 1.200000000000000000e+01 6.547536253929138184e-01 5.000000000000000000e+01
5.000000000000000000e+00 2.300000000000000000e+01 7.126300334930419922e-01 1.430000000000000000e+02
3.000000000000000000e+00 2.700000000000000000e+01 6.710934638977050781e-01 1.410000000000000000e+02
4.000000000000000000e+00 2.800000000000000000e+01 5.554358959197998047e-01 9.800000000000000000e+01
4.000000000000000000e+00 5.200000000000000000e+01 5.761511325836181641e-01 1.840000000000000000e+02
1.200000000000000000e+01 6.300000000000000000e+01 5.477009415626525879e-01 1.920000000000000000e+02
4.000000000000000000e+00 3.300000000000000000e+01 4.926360547542572021e-01 8.900000000000000000e+01
6.000000000000000000e+00 2.500000000000000000e+01 6.959963440895080566e-01 1.310000000000000000e+02
5.000000000000000000e+00 2.000000000000000000e+01 7.328392863273620605e-01 1.270000000000000000e+02
0.000000000000000000e+00 1.200000000000000000e+01 7.432518601417541504e-01 8.200000000000000000e+01
2.000000000000000000e+00 1.200000000000000000e+01 7.860475778579711914e-01 1.130000000000000000e+02
2.000000000000000000e+00 1.500000000000000000e+01 7.384464740753173828e-01 9.600000000000000000e+01
3.000000000000000000e+00 1.700000000000000000e+01 6.692589521408081055e-01 9.300000000000000000e+01
3.000000000000000000e+00 1.800000000000000000e+01 7.107907533645629883e-01 9.900000000000000000e+01
1.000000000000000000e+00 1.200000000000000000e+01 6.977759003639221191e-01 8.300000000000000000e+01
1.000000000000000000e+00 1.900000000000000000e+01 6.778014302253723145e-01 1.040000000000000000e+02
3.000000000000000000e+00 1.600000000000000000e+01 7.280045151710510254e-01 1.020000000000000000e+02
1.000000000000000000e+00 2.200000000000000000e+01 6.685111522674560547e-01 1.090000000000000000e+02
4.000000000000000000e+00 2.000000000000000000e+01 6.475209593772888184e-01 1.030000000000000000e+02
6.000000000000000000e+00 2.500000000000000000e+01 7.353978753089904785e-01 1.470000000000000000e+02
9.000000000000000000e+00 3.700000000000000000e+01 6.739696860313415527e-01 1.520000000000000000e+02
2.000000000000000000e+00 1.800000000000000000e+01 7.365532517433166504e-01 1.180000000000000000e+02
3.000000000000000000e+00 2.300000000000000000e+01 7.508853673934936523e-01 1.510000000000000000e+02
1.000000000000000000e+01 4.300000000000000000e+01 5.792624950408935547e-01 1.380000000000000000e+02
5.000000000000000000e+00 4.000000000000000000e+01 6.446086764335632324e-01 1.650000000000000000e+02
5.000000000000000000e+00 4.900000000000000000e+01 4.836987257003784180e-01 1.310000000000000000e+02
3.000000000000000000e+00 2.700000000000000000e+01 7.009245753288269043e-01 1.630000000000000000e+02
2.000000000000000000e+00 1.700000000000000000e+01 7.361203432083129883e-01 1.070000000000000000e+02
2.000000000000000000e+00 1.400000000000000000e+01 6.787306070327758789e-01 9.000000000000000000e+01
3.000000000000000000e+00 2.700000000000000000e+01 5.778816342353820801e-01 9.800000000000000000e+01
5.000000000000000000e+00 2.000000000000000000e+01 6.632137894630432129e-01 9.300000000000000000e+01
1.000000000000000000e+00 1.200000000000000000e+01 7.430165410041809082e-01 1.030000000000000000e+02
2.000000000000000000e+00 2.300000000000000000e+01 6.480041146278381348e-01 1.070000000000000000e+02
9.000000000000000000e+00 5.000000000000000000e+01 5.342836380004882812e-01 1.540000000000000000e+02
7.000000000000000000e+00 2.900000000000000000e+01 5.728957653045654297e-01 1.000000000000000000e+02
3.000000000000000000e+00 2.400000000000000000e+01 3.889136016368865967e-01 4.900000000000000000e+01
3.000000000000000000e+00 3.600000000000000000e+01 4.320017099380493164e-01 8.100000000000000000e+01
4.000000000000000000e+00 3.800000000000000000e+01 5.597049593925476074e-01 1.240000000000000000e+02
1.000000000000000000e+00 1.200000000000000000e+01 7.572137713432312012e-01 1.240000000000000000e+02
1.000000000000000000e+00 1.800000000000000000e+01 7.060882449150085449e-01 1.200000000000000000e+02
0.000000000000000000e+00 1.600000000000000000e+01 7.370700836181640625e-01 1.190000000000000000e+02
0.000000000000000000e+00 1.400000000000000000e+01 7.463231086730957031e-01 1.230000000000000000e+02
1.000000000000000000e+00 1.600000000000000000e+01 7.052589654922485352e-01 1.080000000000000000e+02
1.000000000000000000e+00 9.000000000000000000e+00 7.546731233596801758e-01 5.500000000000000000e+01
1.000000000000000000e+00 1.800000000000000000e+01 7.062889337539672852e-01 1.160000000000000000e+02
2.000000000000000000e+00 2.300000000000000000e+01 7.298722267150878906e-01 1.390000000000000000e+02
2.000000000000000000e+00 2.000000000000000000e+01 6.846479773521423340e-01 9.500000000000000000e+01
7.000000000000000000e+00 3.700000000000000000e+01 6.679477691650390625e-01 1.660000000000000000e+02
3.000000000000000000e+00 2.400000000000000000e+01 6.440302133560180664e-01 1.030000000000000000e+02
1.000000000000000000e+00 3.600000000000000000e+01 6.113853454589843750e-01 1.440000000000000000e+02
2.000000000000000000e+00 3.200000000000000000e+01 6.565325260162353516e-01 1.530000000000000000e+02
2.000000000000000000e+00 3.900000000000000000e+01 5.590970516204833984e-01 1.330000000000000000e+02
2.000000000000000000e+00 2.300000000000000000e+01 6.790830492973327637e-01 1.180000000000000000e+02
4.000000000000000000e+00 3.000000000000000000e+01 6.341069340705871582e-01 1.260000000000000000e+02
1.000000000000000000e+00 2.200000000000000000e+01 5.822635889053344727e-01 8.200000000000000000e+01
4.000000000000000000e+00 1.600000000000000000e+01 7.645289301872253418e-01 1.490000000000000000e+02
3.000000000000000000e+00 2.800000000000000000e+01 5.217168927192687988e-01 7.800000000000000000e+01
3.000000000000000000e+00 2.900000000000000000e+01 6.710541248321533203e-01 1.480000000000000000e+02
1.000000000000000000e+00 4.000000000000000000e+00 3.819145560264587402e-01 7.000000000000000000e+00
1.000000000000000000e+00 2.100000000000000000e+01 6.322061419486999512e-01 9.000000000000000000e+01
2.000000000000000000e+00 2.700000000000000000e+01 6.544460058212280273e-01 1.370000000000000000e+02
1.000000000000000000e+00 4.500000000000000000e+01 3.169405162334442139e-01 7.300000000000000000e+01
5.000000000000000000e+00 2.800000000000000000e+01 6.769942641258239746e-01 1.390000000000000000e+02
3.000000000000000000e+00 9.000000000000000000e+00 7.041348218917846680e-01 3.500000000000000000e+01
2.000000000000000000e+00 2.500000000000000000e+01 7.052492499351501465e-01 1.360000000000000000e+02
1.000000000000000000e+00 1.200000000000000000e+01 7.609862685203552246e-01 8.400000000000000000e+01
1.000000000000000000e+01 5.200000000000000000e+01 5.573099255561828613e-01 1.540000000000000000e+02
3.000000000000000000e+00 2.700000000000000000e+01 6.442620754241943359e-01 1.300000000000000000e+02
1.000000000000000000e+00 4.000000000000000000e+01 5.653108954429626465e-01 1.360000000000000000e+02
1.000000000000000000e+00 3.200000000000000000e+01 6.666765809059143066e-01 1.480000000000000000e+02
2.000000000000000000e+00 2.200000000000000000e+01 6.658543348312377930e-01 1.050000000000000000e+02
8.000000000000000000e+00 4.800000000000000000e+01 6.358493566513061523e-01 1.920000000000000000e+02
1.000000000000000000e+00 1.100000000000000000e+01 7.151867151260375977e-01 6.500000000000000000e+01
