0.000000000000000000e+00 0.000000000000000000e+00 7.601870894432067871e-01 5.100000000000000000e+01
1.000000000000000000e+00 3.000000000000000000e+00 7.375685572624206543e-01 8.400000000000000000e+01
1.000000000000000000e+00 1.300000000000000000e+01 5.911226868629455566e-01 7.700000000000000000e+01
3.000000000000000000e+00 1.800000000000000000e+01 6.232656836509704590e-01 9.700000000000000000e+01
0.000000000000000000e+00 2.000000000000000000e+00 7.361360192298889160e-01 4.400000000000000000e+01
1.000000000000000000e+00 3.000000000000000000e+00 7.319151163101196289e-01 8.700000000000000000e+01
2.000000000000000000e+00 7.000000000000000000e+00 6.922407746315002441e-01 6.900000000000000000e+01
2.000000000000000000e+00 6.000000000000000000e+00 6.746585369110107422e-01 7.400000000000000000e+01
1.000000000000000000e+00 5.000000000000000000e+00 5.931780338287353516e-01 2.500000000000000000e+01
3.000000000000000000e+00 1.700000000000000000e+01 6.598550677299499512e-01 1.380000000000000000e+02
3.000000000000000000e+00 1.200000000000000000e+01 6.434210538864135742e-01 8.400000000000000000e+01
4.000000000000000000e+00 1.100000000000000000e+01 6.811269521713256836e-01 1.130000000000000000e+02
6.000000000000000000e+00 1.500000000000000000e+01 6.678556203842163086e-01 1.420000000000000000e+02
1.500000000000000000e+01 3.700000000000000000e+01 6.061085462570190430e-01 1.840000000000000000e+02
9.000000000000000000e+00 3.900000000000000000e+01 5.809480547904968262e-01 1.790000000000000000e+02
0.000000000000000000e+00 1.600000000000000000e+01 6.553719043731689453e-01 1.410000000000000000e+02
5.000000000000000000e+00 1.500000000000000000e+01 6.753833889961242676e-01 1.320000000000000000e+02
3.000000000000000000e+00 1.800000000000000000e+01 6.459753513336181641e-01 1.280000000000000000e+02
4.000000000000000000e+00 2.400000000000000000e+01 5.840333700180053711e-01 1.050000000000000000e+02
2.000000000000000000e+00 9.000000000000000000e+00 6.970801949501037598e-01 9.500000000000000000e+01
4.000000000000000000e+00 1.000000000000000000e+01 6.209957003593444824e-01 7.600000000000000000e+01
7.000000000000000000e+00 1.500000000000000000e+01 6.638072729110717773e-01 1.360000000000000000e+02
3.000000000000000000e+00 7.000000000000000000e+00 5.882172584533691406e-01 3.400000000000000000e+01
5.000000000000000000e+00 2.000000000000000000e+01 6.133268475532531738e-01 1.240000000000000000e+02
1.000000000000000000e+00 1.100000000000000000e+01 6.747992634773254395e-01 1.380000000000000000e+02
1.500000000000000000e+01 4.900000000000000000e+01 5.582953691482543945e-01 1.970000000000000000e+02
4.000000000000000000e+00 1.800000000000000000e+01 6.500938534736633301e-01 1.260000000000000000e+02
3.000000000000000000e+00 1.400000000000000000e+01 6.608364582061767578e-01 1.170000000000000000e+02
1.000000000000000000e+00 7.000000000000000000e+00 6.776649355888366699e-01 7.900000000000000000e+01
3.000000000000000000e+00 1.200000000000000000e+01 6.744522452354431152e-01 1.120000000000000000e+02
0.000000000000000000e+00 0.000000000000000000e+00 7.092070579528808594e-01 7.000000000000000000e+00
3.000000000000000000e+00 1.100000000000000000e+01 6.037468314170837402e-01 5.800000000000000000e+01
0.000000000000000000e+00 2.000000000000000000e+00 7.426158189773559570e-01 1.010000000000000000e+02
8.000000000000000000e+00 2.000000000000000000e+01 6.511617302894592285e-01 1.310000000000000000e+02
8.000000000000000000e+00 2.500000000000000000e+01 6.377866864204406738e-01 1.520000000000000000e+02
3.000000000000000000e+00 1.300000000000000000e+01 7.008334994316101074e-01 1.600000000000000000e+02
4.000000000000000000e+00 1.500000000000000000e+01 6.642229557037353516e-01 1.340000000000000000e+02
2.000000000000000000e+00 7.000000000000000000e+00 5.792296528816223145e-01 3.500000000000000000e+01
3.000000000000000000e+00 1.500000000000000000e+01 6.670995950698852539e-01 1.510000000000000000e+02
4.000000000000000000e+00 1.100000000000000000e+01 6.367868781089782715e-01 9.500000000000000000e+01
3.000000000000000000e+00 1.300000000000000000e+01 6.772088408470153809e-01 1.090000000000000000e+02
2.000000000000000000e+00 1.000000000000000000e+01 7.068959474563598633e-01 1.240000000000000000e+02
4.000000000000000000e+00 1.400000000000000000e+01 6.589018702507019043e-01 1.450000000000000000e+02
2.000000000000000000e+00 1.000000000000000000e+01 7.075130343437194824e-01 1.080000000000000000e+02
0.000000000000000000e+00 6.000000000000000000e+00 7.017962336540222168e-01 1.090000000000000000e+02
1.000000000000000000e+00 7.000000000000000000e+00 6.889330744743347168e-01 6.100000000000000000e+01
2.000000000000000000e+00 9.000000000000000000e+00 6.795167922973632812e-01 8.800000000000000000e+01
1.000000000000000000e+00 4.000000000000000000e+00 7.280724048614501953e-01 8.600000000000000000e+01
0.000000000000000000e+00 1.000000000000000000e+01 3.600807189941406250e-01 1.900000000000000000e+01
5.000000000000000000e+00 1.200000000000000000e+01 6.637545824050903320e-01 1.490000000000000000e+02
